lightning_record
strike_time lat lon rise_time fall peak_cur 
2021-8-7 2:0:0.121214720 42.7154 -88.6102 3.1 17.1 4.0 
2021-8-7 2:0:0.133076736 43.4163 -101.5432 1.8 3.1 6.0 
2021-8-7 2:0:0.144076800 42.7348 -88.5178 3.6 2.1 9.0 
2021-8-7 2:0:0.154391040 42.7354 -88.517 3.2 2.1 7.0 
2021-8-7 2:0:0.167083520 42.7348 -88.5189 4.6 2.7 10.0 
2021-8-7 2:0:0.200858624 42.8698 -101.0557 7.2 27.9 -25.0 
2021-8-7 2:0:0.204898560 42.7331 -88.5228 3.6 5.7 -4.0 
2021-8-7 2:0:0.211297280 42.8774 -89.0291 12.4 5.2 8.0 
2021-8-7 2:0:0.21871616 40.0922 -101.5134 2.1 6.0 3.0 
2021-8-7 2:0:0.231087616 42.883 -89.0028 2.2 4.2 4.0 
2021-8-7 2:0:0.2416896 40.8078 -104.895 3.5 4.0 5.0 
2021-8-7 2:0:0.324540160 40.8375 -104.9014 1.2 1.4 -4.0 
2021-8-7 2:0:0.343484160 40.865 -104.8834 7.5 17.9 -4.0 
2021-8-7 2:0:0.357552640 40.7648 -105.0718 6.2 1.4 -3.0 
2021-8-7 2:0:0.381311488 40.8541 -104.879 13.1 15.7 -7.0 
2021-8-7 2:0:0.395331584 40.8266 -104.9274 16.9 4.3 -8.0 
2021-8-7 2:0:0.401404160 40.733 -105.0937 17.6 3.0 5.0 
2021-8-7 2:0:0.408315392 40.827 -104.9268 1.1 1.6 -3.0 
2021-8-7 2:0:0.418180096 42.8695 -101.056 4.0 32.2 -21.0 
2021-8-7 2:0:0.418247680 26.3293 -108.484 27.8 14.5 -14.0 
2021-8-7 2:0:0.427521024 42.8435 -101.1153 6.7 4.2 10.0 
2021-8-7 2:0:0.463367680 40.7509 -104.9381 1.1 1.6 3.0 
2021-8-7 2:0:0.477646336 44.2837 -101.9117 19.0 2.5 -5.0 
2021-8-7 2:0:0.53221888 40.8182 -104.9674 1.2 2.3 3.0 
2021-8-7 2:0:0.54703360 42.7332 -88.5186 3.2 2.0 5.0 
2021-8-7 2:0:0.61746944 40.8383 -104.9302 1.1 6.0 4.0 
2021-8-7 2:0:0.682120192 48.8573 -106.5649 2.5 3.2 6.0 
2021-8-7 2:0:0.682863872 48.8471 -106.5505 11.4 9.6 7.0 
2021-8-7 2:0:0.697864448 32.3558 -112.0508 9.9 8.2 8.0 
2021-8-7 2:0:0.77378048 42.7352 -88.5182 8.2 2.1 7.0 
2021-8-7 2:0:0.789153024 39.5853 -102.3431 8.0 9.2 -4.0 
2021-8-7 2:0:0.92156416 42.8025 -101.1417 5.1 6.2 -9.0 
2021-8-7 2:0:0.963484416 42.9272 -101.1993 17.8 13.6 -3.0 
2021-8-7 2:0:1.10459904 40.1923 -101.7042 1.5 8.0 -8.0 
2021-8-7 2:0:1.440847616 43.2226 -101.1822 1.2 3.8 -3.0 
2021-8-7 2:0:1.4867072 41.312 -100.8744 5.0 10.6 -2.0 
2021-8-7 2:0:1.538110976 43.1735 -101.2108 10.0 8.0 12.0 
2021-8-7 2:0:1.5977600 42.9101 -89.1551 12.3 2.3 7.0 
2021-8-7 2:0:1.687106304 42.6837 -88.4766 4.2 4.7 7.0 
2021-8-7 2:0:1.861891072 42.6408 -100.8611 23.5 21.9 16.0 
2021-8-7 2:0:1.909772288 42.6438 -100.8622 15.8 13.1 14.0 
2021-8-7 2:0:1.910238976 39.3677 -64.5349 9.8 24.1 -83.0 
2021-8-7 2:0:10.122758912 25.9661 -79.1781 2.1 3.5 9.0 
2021-8-7 2:0:10.169384704 40.473 -105.3014 1.7 23.4 -2.0 
2021-8-7 2:0:10.265914112 42.8877 -89.1758 9.7 5.0 -5.0 
2021-8-7 2:0:10.337994752 40.4985 -105.3585 3.0 16.7 4.0 
2021-8-7 2:0:10.386566144 43.3488 -101.2676 11.2 4.9 6.0 
2021-8-7 2:0:10.431242752 40.1401 -101.5447 9.8 4.6 -5.0 
2021-8-7 2:0:10.433896960 40.1389 -101.5368 0.0 0.0 -3.0 
2021-8-7 2:0:10.434003968 40.1399 -101.5399 1.3 4.7 -4.0 
2021-8-7 2:0:10.512482560 43.0649 -101.3742 16.2 3.9 4.0 
2021-8-7 2:0:10.528845824 42.944 -89.2196 11.1 5.0 -5.0 
2021-8-7 2:0:10.582031104 42.7175 -100.9765 3.0 12.7 7.0 
2021-8-7 2:0:10.816646656 43.3065 -101.4238 1.8 14.8 -5.0 
2021-8-7 2:0:10.829123328 43.8672 -101.6192 5.2 10.5 -4.0 
2021-8-7 2:0:10.855532032 43.3703 -101.3615 2.4 3.1 3.0 
2021-8-7 2:0:10.918609664 42.6127 -86.6414 0.0 0.0 6.0 
2021-8-7 2:0:10.918709760 42.599 -86.6311 15.2 7.2 16.0 
2021-8-7 2:0:10.918821376 42.5914 -86.6002 0.0 0.0 6.0 
2021-8-7 2:0:10.919007744 42.6024 -86.6327 0.0 0.0 12.0 
2021-8-7 2:0:10.919211264 42.6036 -86.6503 0.0 0.0 7.0 
2021-8-7 2:0:10.919328512 42.5973 -86.6381 0.0 0.0 6.0 
2021-8-7 2:0:10.920617984 42.5909 -86.6204 16.8 16.4 8.0 
2021-8-7 2:0:10.921614080 42.582 -86.6151 4.5 12.0 5.0 
2021-8-7 2:0:10.928406272 42.6009 -86.6359 19.1 3.7 8.0 
2021-8-7 2:0:10.962543104 44.1387 -101.7871 4.6 13.8 -6.0 
2021-8-7 2:0:10.963879680 42.8719 -89.0275 1.8 3.1 5.0 
2021-8-7 2:0:11.140610048 43.8809 -101.643 3.9 7.1 -8.0 
2021-8-7 2:0:11.255161856 43.8951 -101.6533 14.1 15.9 -4.0 
2021-8-7 2:0:11.28389888 40.9286 -107.1349 9.4 4.6 5.0 
2021-8-7 2:0:11.319813632 43.8791 -101.637 1.1 23.9 -4.0 
2021-8-7 2:0:11.333868544 43.3718 -101.4103 3.5 4.2 -6.0 
2021-8-7 2:0:11.563695104 40.7094 -101.8 1.9 42.1 -3.0 
2021-8-7 2:0:11.577216768 40.7101 -101.8004 2.5 4.5 -6.0 
2021-8-7 2:0:11.584517120 40.7103 -101.8017 12.3 11.3 -7.0 
2021-8-7 2:0:11.684720640 43.3182 -101.5868 2.1 2.9 3.0 
2021-8-7 2:0:11.805443584 39.6573 -102.1706 8.0 1.9 5.0 
2021-8-7 2:0:11.843747840 44.1945 -101.8388 1.5 2.1 4.0 
2021-8-7 2:0:11.850957312 44.1974 -101.8346 2.5 20.6 -10.0 
2021-8-7 2:0:11.92042496 44.2947 -101.8304 3.4 6.2 -4.0 
2021-8-7 2:0:11.964884992 43.958 -101.7973 4.3 34.3 -4.0 
2021-8-7 2:0:11.977503232 43.9843 -101.7784 1.7 2.5 -4.0 
2021-8-7 2:0:11.979482112 43.9498 -101.7599 9.3 3.4 -7.0 
2021-8-7 2:0:12.155129344 43.9555 -101.7559 11.8 40.0 5.0 
2021-8-7 2:0:12.236531456 44.1954 -101.7968 11.9 2.1 5.0 
2021-8-7 2:0:12.267742976 44.4041 -102.1576 2.6 6.2 -6.0 
2021-8-7 2:0:12.380981248 44.2426 -101.9662 11.2 6.7 -8.0 
2021-8-7 2:0:12.383177984 44.2449 -101.9662 3.0 3.5 -7.0 
2021-8-7 2:0:12.408055808 44.2463 -101.9721 2.5 13.0 -8.0 
2021-8-7 2:0:12.437909760 44.1835 -102.0541 4.5 20.3 -4.0 
2021-8-7 2:0:12.588552704 44.2549 -101.9932 22.9 31.6 -14.0 
2021-8-7 2:0:12.634197504 44.2299 -101.9206 11.4 2.9 3.0 
2021-8-7 2:0:12.637920768 26.7409 -80.5609 11.9 2.6 5.0 
2021-8-7 2:0:12.638488320 26.7404 -80.5583 11.8 4.7 17.0 
2021-8-7 2:0:12.639153408 26.7251 -80.5396 8.8 3.1 6.0 
2021-8-7 2:0:12.640027392 26.698 -80.5474 1.4 3.1 3.0 
2021-8-7 2:0:12.678707712 43.4369 -101.6487 1.1 5.8 -3.0 
2021-8-7 2:0:12.979411712 23.975 -102.5984 3.2 20.2 -14.0 
2021-8-7 2:0:13.145207808 42.71 -100.972 16.0 3.8 3.0 
2021-8-7 2:0:13.22398976 42.7549 -101.124 2.9 5.3 -8.0 
2021-8-7 2:0:13.22763264 42.7526 -101.1206 13.5 5.2 -11.0 
2021-8-7 2:0:13.23829760 43.2 -101.3894 3.6 6.2 -5.0 
2021-8-7 2:0:13.24990464 42.7446 -101.0752 8.0 7.0 7.0 
2021-8-7 2:0:13.301521408 42.6948 -100.9233 9.7 15.3 -9.0 
2021-8-7 2:0:13.323897600 42.6914 -100.9162 3.0 2.8 8.0 
2021-8-7 2:0:13.559618304 42.6497 -100.8482 6.6 27.1 -21.0 
2021-8-7 2:0:13.586862848 40.9523 -101.1731 1.9 2.4 -2.0 
2021-8-7 2:0:13.595775744 42.6499 -100.8486 2.0 23.4 -8.0 
2021-8-7 2:0:13.604313856 40.9675 -101.1633 9.8 13.5 9.0 
2021-8-7 2:0:13.664086528 42.6576 -100.8208 1.9 24.5 -6.0 
2021-8-7 2:0:13.705123072 42.6548 -100.8469 0.0 0.0 -3.0 
2021-8-7 2:0:13.705214976 42.6496 -100.8477 8.7 24.4 -55.0 
2021-8-7 2:0:13.751332608 42.6498 -100.848 3.2 31.7 -13.0 
2021-8-7 2:0:13.799080960 42.6497 -100.848 10.5 23.0 -32.0 
2021-8-7 2:0:13.849175808 42.6492 -100.8538 2.1 45.4 -5.0 
2021-8-7 2:0:13.853227520 42.6525 -100.8456 6.7 18.1 -7.0 
2021-8-7 2:0:13.904636160 42.65 -100.8483 2.4 25.4 -7.0 
2021-8-7 2:0:13.908831488 43.349 -101.4406 5.8 2.8 6.0 
2021-8-7 2:0:13.910439424 42.6504 -100.8481 27.6 21.2 -10.0 
2021-8-7 2:0:13.971592960 44.3113 -101.9008 1.4 5.7 -5.0 
2021-8-7 2:0:13.979762432 44.3178 -101.888 5.7 1.9 -5.0 
2021-8-7 2:0:13.981649920 44.3451 -101.9145 2.4 7.7 -4.0 
2021-8-7 2:0:13.994644224 42.9051 -89.1413 8.4 1.6 -3.0 
2021-8-7 2:0:14.129719808 40.0039 -101.8137 23.1 5.9 6.0 
2021-8-7 2:0:14.258534656 42.7153 -88.5304 14.6 2.9 17.0 
2021-8-7 2:0:14.288937216 39.9637 -101.8162 7.1 13.0 21.0 
2021-8-7 2:0:14.288976896 39.9653 -101.806 0.0 0.0 10.0 
2021-8-7 2:0:14.296387584 42.7135 -88.53 3.7 6.5 8.0 
2021-8-7 2:0:14.303080192 40.0228 -101.7755 1.3 17.6 5.0 
2021-8-7 2:0:14.309316096 42.7146 -88.5302 4.7 2.6 6.0 
2021-8-7 2:0:14.321863424 42.7128 -88.5268 6.8 2.2 5.0 
2021-8-7 2:0:14.35989248 21.2582 -79.8967 7.9 65.9 -100.0 
2021-8-7 2:0:14.361401088 42.65 -100.8477 22.1 23.2 -23.0 
2021-8-7 2:0:14.428634880 21.2612 -79.8976 6.0 42.5 -46.0 
2021-8-7 2:0:14.473716224 21.2507 -79.875 4.3 21.4 -15.0 
2021-8-7 2:0:14.526420480 44.2931 -101.8049 2.0 5.2 4.0 
2021-8-7 2:0:14.556083200 43.382 -101.5538 2.0 16.9 4.0 
2021-8-7 2:0:14.650624512 43.3901 -101.645 16.4 7.8 3.0 
2021-8-7 2:0:14.779788032 21.2866 -79.8968 2.4 26.1 -20.0 
2021-8-7 2:0:14.800976128 43.4011 -101.5657 4.5 2.3 -6.0 
2021-8-7 2:0:14.800990208 43.3955 -101.5794 5.5 16.6 9.0 
2021-8-7 2:0:14.864115456 32.4068 -112.1016 23.1 3.8 14.0 
2021-8-7 2:0:14.869541888 44.4628 -102.07 16.9 10.6 -10.0 
2021-8-7 2:0:14.895313152 42.6694 -100.8239 8.7 3.7 4.0 
2021-8-7 2:0:14.896515584 40.1093 -101.6044 1.6 4.0 4.0 
2021-8-7 2:0:14.898503936 44.4453 -102.0764 4.0 2.2 -11.0 
2021-8-7 2:0:14.900193792 44.4447 -102.0711 17.1 4.8 -6.0 
2021-8-7 2:0:14.903508992 44.4193 -102.0221 4.0 2.6 -5.0 
2021-8-7 2:0:14.976175104 32.1017 -112.2918 1.7 4.5 6.0 
2021-8-7 2:0:15.159654912 30.5558 -80.1349 5.6 7.8 11.0 
2021-8-7 2:0:15.231118336 32.0637 -112.3841 3.8 11.6 8.0 
2021-8-7 2:0:15.243612160 43.3656 -101.2659 7.0 8.3 4.0 
2021-8-7 2:0:15.289425920 43.8691 -101.686 2.5 5.3 -3.0 
2021-8-7 2:0:15.292907520 30.5543 -80.1406 28.1 20.6 12.0 
2021-8-7 2:0:15.294611456 43.8749 -101.6387 8.3 2.7 -5.0 
2021-8-7 2:0:15.297128960 43.9456 -101.7608 11.7 2.8 -5.0 
2021-8-7 2:0:15.303712000 43.9201 -101.6949 2.4 3.0 -5.0 
2021-8-7 2:0:15.3615488 44.1689 -101.6241 16.9 10.6 -4.0 
2021-8-7 2:0:15.372087296 32.5433 -112.1671 8.6 12.5 8.0 
2021-8-7 2:0:15.381630720 43.9707 -101.6984 19.9 2.6 -7.0 
2021-8-7 2:0:15.411015680 32.5525 -112.1531 9.2 2.7 5.0 
2021-8-7 2:0:15.496456960 40.127 -101.6015 0.0 0.0 -2.0 
2021-8-7 2:0:15.496803072 40.1233 -101.6045 14.2 4.2 -9.0 
2021-8-7 2:0:15.496847360 40.1295 -101.598 0.0 0.0 -4.0 
2021-8-7 2:0:15.497059840 40.132 -101.5978 0.0 0.0 -6.0 
2021-8-7 2:0:15.53963264 44.4241 -102.0725 11.3 1.8 -5.0 
2021-8-7 2:0:15.558078976 40.1317 -101.6051 0.0 0.0 -3.0 
2021-8-7 2:0:15.558091264 40.1292 -101.6058 7.5 5.5 6.0 
2021-8-7 2:0:15.559467264 40.1207 -101.5939 1.2 3.1 5.0 
2021-8-7 2:0:15.56296704 44.2069 -101.6535 2.2 8.5 -5.0 
2021-8-7 2:0:16.172166912 40.3393 -105.7814 29.7 10.0 -22.0 
2021-8-7 2:0:16.216439552 26.3933 -108.4865 3.1 18.9 -15.0 
2021-8-7 2:0:16.233546752 40.3401 -105.7696 15.2 7.8 -35.0 
2021-8-7 2:0:16.242885632 44.201 -102.1669 1.6 2.8 -5.0 
2021-8-7 2:0:16.259104256 44.1435 -102.0197 9.0 20.3 -3.0 
2021-8-7 2:0:16.328820992 40.33 -105.7872 11.7 27.4 -20.0 
2021-8-7 2:0:16.330641920 45.1467 -110.5232 6.5 3.8 4.0 
2021-8-7 2:0:16.341081344 40.3385 -105.7813 14.1 19.1 -9.0 
2021-8-7 2:0:16.375205888 40.3298 -105.787 7.8 36.2 -21.0 
2021-8-7 2:0:16.417253888 42.9483 -89.1898 14.9 4.8 -9.0 
2021-8-7 2:0:16.428028160 40.3294 -105.787 8.5 33.2 -12.0 
2021-8-7 2:0:16.42915584 45.1812 -110.5174 17.9 6.0 4.0 
2021-8-7 2:0:16.454451456 40.3294 -105.7866 10.8 19.7 -9.0 
2021-8-7 2:0:16.456875264 26.3405 -108.528 5.9 15.4 -18.0 
2021-8-7 2:0:16.485813760 40.3297 -105.7872 8.8 20.6 -7.0 
2021-8-7 2:0:16.48670208 45.1725 -110.511 20.0 22.4 5.0 
2021-8-7 2:0:16.509334272 40.3298 -105.7868 8.8 30.4 -9.0 
2021-8-7 2:0:16.533522688 40.3286 -105.7871 4.5 19.8 -5.0 
2021-8-7 2:0:16.609652480 26.4657 -108.6167 6.0 40.0 -59.0 
2021-8-7 2:0:16.623946240 44.2476 -101.8081 8.6 6.7 -7.0 
2021-8-7 2:0:16.626022656 44.1782 -101.9899 4.7 45.9 -7.0 
2021-8-7 2:0:16.659415808 43.7722 -101.5518 7.3 13.5 -4.0 
2021-8-7 2:0:16.660491520 32.3752 -112.1011 2.1 3.6 -5.0 
2021-8-7 2:0:16.668700160 26.4282 -108.6254 7.2 31.9 -44.0 
2021-8-7 2:0:16.672900608 32.3743 -112.0999 25.9 6.8 -7.0 
2021-8-7 2:0:16.681910528 40.3283 -105.7869 7.5 20.7 -7.0 
2021-8-7 2:0:16.684479488 26.3514 -108.5234 4.4 24.2 -18.0 
2021-8-7 2:0:16.728125696 42.7294 -88.5201 6.2 2.4 8.0 
2021-8-7 2:0:16.728270848 32.358 -112.0819 2.2 14.2 -7.0 
2021-8-7 2:0:16.763245312 39.9963 -101.6896 5.3 3.6 -4.0 
2021-8-7 2:0:16.766190080 38.0721 -105.5699 3.2 32.3 6.0 
2021-8-7 2:0:16.799284992 26.3613 -108.526 3.8 18.2 -15.0 
2021-8-7 2:0:16.837339392 41.4083 -86.9022 0.0 0.0 -5.0 
2021-8-7 2:0:16.837582592 41.4069 -86.902 0.0 0.0 -4.0 
2021-8-7 2:0:16.837743872 41.4131 -86.8876 0.0 0.0 -4.0 
2021-8-7 2:0:16.837874432 41.418 -86.8904 0.0 0.0 -7.0 
2021-8-7 2:0:16.837918464 41.414 -86.8934 11.3 3.8 -10.0 
2021-8-7 2:0:16.843886080 32.3575 -112.0904 3.2 18.6 -16.0 
2021-8-7 2:0:16.852107776 41.401 -86.9229 13.4 32.4 -42.0 
2021-8-7 2:0:16.883495680 41.4263 -86.8931 5.9 7.0 -14.0 
2021-8-7 2:0:16.883541504 41.4264 -86.9051 0.0 0.0 5.0 
2021-8-7 2:0:16.898067456 42.9437 -89.1303 14.4 19.3 104.0 
2021-8-7 2:0:16.89937152 43.5587 -101.6344 13.6 4.8 6.0 
2021-8-7 2:0:16.901151488 42.9003 -89.1604 6.6 4.0 -8.0 
2021-8-7 2:0:16.906764288 42.9121 -89.1496 1.5 6.2 -5.0 
2021-8-7 2:0:16.935461888 41.4269 -86.893 4.2 35.8 -48.0 
2021-8-7 2:0:16.971834368 32.3582 -112.0915 3.8 22.6 -13.0 
2021-8-7 2:0:16.972799232 32.3496 -112.0638 9.0 6.2 -11.0 
2021-8-7 2:0:16.984123136 43.4712 -101.4163 2.9 13.8 14.0 
2021-8-7 2:0:16.991984896 43.4715 -101.4172 17.1 1.8 5.0 
2021-8-7 2:0:16.999329280 43.4751 -101.4291 1.8 7.0 6.0 
2021-8-7 2:0:17.111374336 40.4929 -105.6 7.8 6.5 4.0 
2021-8-7 2:0:17.111927296 40.4937 -105.6154 10.9 6.0 4.0 
2021-8-7 2:0:17.125157888 32.3587 -112.0904 7.7 32.5 -30.0 
2021-8-7 2:0:17.126031104 32.365 -112.1 3.6 3.5 9.0 
2021-8-7 2:0:17.135068928 32.3865 -112.0326 4.2 10.3 -6.0 
2021-8-7 2:0:17.1461760 43.4873 -101.4319 6.7 31.4 35.0 
2021-8-7 2:0:17.163283712 43.4903 -101.458 3.0 25.4 7.0 
2021-8-7 2:0:17.16376320 44.2029 -101.8352 3.0 3.5 3.0 
2021-8-7 2:0:17.1936640 41.4264 -86.8929 2.9 31.1 -14.0 
2021-8-7 2:0:17.209168896 32.3583 -112.0912 2.7 25.9 -17.0 
2021-8-7 2:0:17.236236544 32.3577 -112.0917 3.1 22.6 -12.0 
2021-8-7 2:0:17.239816192 42.8847 -89.1093 1.5 3.9 5.0 
2021-8-7 2:0:17.251166464 44.3788 -102.1229 7.5 39.1 -7.0 
2021-8-7 2:0:17.284952576 26.372 -108.5216 5.2 17.7 -22.0 
2021-8-7 2:0:17.358667264 32.3587 -112.0909 2.5 21.9 -9.0 
2021-8-7 2:0:17.502797824 43.7526 -101.5769 10.5 2.5 7.0 
2021-8-7 2:0:17.50380032 40.0879 -101.7649 14.8 6.8 -5.0 
2021-8-7 2:0:17.5217536 44.1898 -101.7836 9.4 1.9 -8.0 
2021-8-7 2:0:17.708925184 43.7382 -101.6434 12.1 3.4 5.0 
2021-8-7 2:0:17.757707776 43.3621 -101.3902 1.6 2.2 3.0 
2021-8-7 2:0:17.778230784 42.7349 -88.5075 4.6 2.5 5.0 
2021-8-7 2:0:17.778861312 40.097 -101.5538 6.4 16.3 -3.0 
2021-8-7 2:0:17.795388928 42.7359 -88.5059 5.2 2.1 6.0 
2021-8-7 2:0:17.836590592 42.733 -88.5047 5.6 2.2 6.0 
2021-8-7 2:0:17.848671232 43.768 -101.7116 3.1 5.1 -5.0 
2021-8-7 2:0:17.856162304 42.7327 -88.5096 6.0 2.2 3.0 
2021-8-7 2:0:17.866296576 42.7358 -88.5071 6.3 2.6 8.0 
2021-8-7 2:0:17.880217088 42.7373 -88.5051 5.6 2.2 6.0 
2021-8-7 2:0:17.904077824 42.7328 -88.5079 8.8 4.8 6.0 
2021-8-7 2:0:17.918673664 42.7416 -88.4902 9.8 1.8 3.0 
2021-8-7 2:0:17.943660800 42.7386 -88.5041 6.8 2.1 5.0 
2021-8-7 2:0:18.139014912 39.6021 -102.296 11.2 4.1 -5.0 
2021-8-7 2:0:18.184768768 40.4647 -105.2886 4.8 1.9 3.0 
2021-8-7 2:0:18.233670400 34.2566 -109.3869 19.1 3.2 7.0 
2021-8-7 2:0:18.236193536 34.2558 -109.3887 2.2 4.1 6.0 
2021-8-7 2:0:18.282356992 44.2322 -101.8463 4.2 29.2 -11.0 
2021-8-7 2:0:18.35789056 42.744 -88.4991 17.3 2.9 7.0 
2021-8-7 2:0:18.412140032 41.3228 -100.8683 6.7 2.6 -5.0 
2021-8-7 2:0:18.482326272 34.1796 -109.4091 10.1 27.4 -24.0 
2021-8-7 2:0:18.491190784 44.1954 -101.8898 3.0 5.4 -9.0 
2021-8-7 2:0:18.60690688 44.0186 -101.6514 12.3 3.2 -3.0 
2021-8-7 2:0:18.60742144 44.0127 -101.6264 0.0 0.0 -2.0 
2021-8-7 2:0:18.621012992 42.7386 -100.9445 23.4 10.3 7.0 
2021-8-7 2:0:18.893357824 42.9601 -89.3057 10.8 8.2 -3.0 
2021-8-7 2:0:19.147892736 42.5929 -87.9754 6.4 6.1 9.0 
2021-8-7 2:0:19.149032704 42.5926 -87.9728 3.3 5.0 8.0 
2021-8-7 2:0:19.149597696 42.5922 -87.9707 3.7 4.0 6.0 
2021-8-7 2:0:19.443967488 44.4029 -102.1015 4.4 1.6 6.0 
2021-8-7 2:0:19.445634560 44.3993 -102.1012 7.2 6.5 14.0 
2021-8-7 2:0:19.458046208 43.3237 -101.5331 6.4 30.3 24.0 
2021-8-7 2:0:19.465955072 43.2896 -101.4963 1.6 16.7 -4.0 
2021-8-7 2:0:19.485946624 44.2126 -101.8044 10.3 16.4 -2.0 
2021-8-7 2:0:19.568663296 44.1627 -101.8955 5.7 2.4 -4.0 
2021-8-7 2:0:19.572861184 44.1459 -102.0159 7.2 2.5 -4.0 
2021-8-7 2:0:19.581865472 44.1791 -101.9165 5.0 20.4 -6.0 
2021-8-7 2:0:19.710022912 30.0425 -80.3132 15.3 16.3 -54.0 
2021-8-7 2:0:19.710051072 30.0678 -80.1576 0.0 0.0 -5.0 
2021-8-7 2:0:19.710086656 30.0282 -80.3598 0.0 0.0 -5.0 
2021-8-7 2:0:19.724661760 32.8629 -108.3361 7.3 26.1 -31.0 
2021-8-7 2:0:19.733097216 30.0466 -80.3295 1.2 12.8 -8.0 
2021-8-7 2:0:19.742280192 29.9833 -80.4281 3.2 4.2 -4.0 
2021-8-7 2:0:19.75152896 40.7104 -101.8145 7.2 15.5 -3.0 
2021-8-7 2:0:19.759134464 30.0467 -80.3311 3.3 24.9 -19.0 
2021-8-7 2:0:19.759233280 30.056 -80.3618 0.0 0.0 -5.0 
2021-8-7 2:0:19.759268096 30.0528 -80.3613 0.0 0.0 -12.0 
2021-8-7 2:0:19.797364224 44.4205 -102.1273 7.6 2.2 7.0 
2021-8-7 2:0:19.803488256 32.8677 -108.3759 11.4 30.4 -23.0 
2021-8-7 2:0:19.804983808 30.0471 -80.3314 4.0 24.9 -35.0 
2021-8-7 2:0:19.825533440 30.0472 -80.3312 4.0 32.2 -19.0 
2021-8-7 2:0:19.871505920 30.0469 -80.3312 3.6 29.1 -32.0 
2021-8-7 2:0:19.886477824 42.6717 -100.9101 25.0 8.6 6.0 
2021-8-7 2:0:19.902423808 42.0025 -84.4746 5.5 3.9 9.0 
2021-8-7 2:0:19.902757120 42.0028 -84.4741 3.6 2.5 4.0 
2021-8-7 2:0:19.903678464 41.9987 -84.4763 9.6 6.2 9.0 
2021-8-7 2:0:19.904470784 41.9987 -84.4761 14.8 8.6 16.0 
2021-8-7 2:0:19.916239360 42.0018 -84.4752 9.9 5.5 5.0 
2021-8-7 2:0:19.921097984 42.6704 -100.9037 5.5 6.8 7.0 
2021-8-7 2:0:19.946841088 30.047 -80.3316 4.2 31.6 -43.0 
2021-8-7 2:0:19.972372224 44.4186 -102.0989 6.5 12.6 4.0 
2021-8-7 2:0:19.979423744 44.4134 -102.1054 25.0 10.2 -20.0 
2021-8-7 2:0:19.983580416 32.8651 -108.3676 9.6 26.0 -16.0 
2021-8-7 2:0:2.329992704 44.3106 -101.8371 5.0 21.9 -4.0 
2021-8-7 2:0:2.575326720 41.229 -100.7713 8.8 9.3 53.0 
2021-8-7 2:0:2.575348224 41.2247 -100.7663 0.0 0.0 21.0 
2021-8-7 2:0:2.58097152 43.9872 -101.6666 1.6 7.7 6.0 
2021-8-7 2:0:2.586604288 41.2438 -100.8634 3.9 4.0 4.0 
2021-8-7 2:0:2.586974464 41.23 -100.7901 11.0 4.5 4.0 
2021-8-7 2:0:2.591401216 43.2868 -101.5958 2.8 2.3 3.0 
2021-8-7 2:0:2.603854336 43.3341 -101.452 3.8 4.3 2.0 
2021-8-7 2:0:2.607762944 42.5414 -86.8312 5.2 2.1 6.0 
2021-8-7 2:0:2.608645632 42.4914 -86.8802 13.3 3.4 4.0 
2021-8-7 2:0:2.652221696 43.2582 -101.4402 1.4 6.5 5.0 
2021-8-7 2:0:2.652805120 39.9175 -101.8036 21.0 3.2 -8.0 
2021-8-7 2:0:20.103601408 30.2127 -80.3021 1.9 8.2 8.0 
2021-8-7 2:0:20.130407680 42.7289 -88.5285 3.8 2.4 10.0 
2021-8-7 2:0:20.156802304 32.8662 -108.3708 4.8 22.8 -13.0 
2021-8-7 2:0:20.185501440 30.0468 -80.3308 3.5 22.2 -20.0 
2021-8-7 2:0:20.223582976 30.0471 -80.3311 2.8 22.9 -16.0 
2021-8-7 2:0:20.234957824 28.1305 -81.976 0.0 0.0 3.0 
2021-8-7 2:0:20.235044096 28.131 -81.976 2.1 3.7 5.0 
2021-8-7 2:0:20.272962048 42.1784 -84.5383 10.4 25.1 40.0 
2021-8-7 2:0:20.287296256 42.1602 -84.5363 2.1 2.7 5.0 
2021-8-7 2:0:20.299183616 42.1622 -84.5357 2.2 4.0 8.0 
2021-8-7 2:0:20.301858560 30.0472 -80.3312 2.5 21.7 -13.0 
2021-8-7 2:0:20.339430912 30.0468 -80.3307 2.6 19.2 -15.0 
2021-8-7 2:0:20.359188736 42.1848 -84.5361 1.8 7.8 4.0 
2021-8-7 2:0:20.399859200 42.1699 -84.5108 13.6 17.3 -4.0 
2021-8-7 2:0:20.428650496 42.3884 -84.5249 1.4 14.1 -3.0 
2021-8-7 2:0:20.452395264 30.164 -80.3088 4.2 3.4 7.0 
2021-8-7 2:0:20.45493760 30.047 -80.3314 2.4 21.5 -11.0 
2021-8-7 2:0:20.501303296 42.3832 -84.586 3.2 8.7 -6.0 
2021-8-7 2:0:20.516680448 42.3237 -84.5039 2.3 8.0 -5.0 
2021-8-7 2:0:20.521869056 32.8653 -108.3676 3.1 24.4 -12.0 
2021-8-7 2:0:20.569183744 43.3732 -101.5881 2.5 1.4 2.0 
2021-8-7 2:0:20.709675008 43.3949 -101.5296 9.6 2.3 8.0 
2021-8-7 2:0:20.781417216 42.2902 -84.6193 1.8 4.5 -2.0 
2021-8-7 2:0:20.78574080 30.2173 -80.3015 3.0 3.8 33.0 
2021-8-7 2:0:20.810010368 39.3842 -102.4799 2.5 20.6 -6.0 
2021-8-7 2:0:20.82234880 32.8663 -108.368 2.2 8.2 -5.0 
2021-8-7 2:0:20.85216768 30.2127 -80.3069 9.0 8.1 29.0 
2021-8-7 2:0:21.114977536 42.2843 -84.6714 1.8 6.7 -6.0 
2021-8-7 2:0:21.118004992 42.2956 -84.6087 2.2 3.2 3.0 
2021-8-7 2:0:21.140499200 41.7025 -84.9268 4.0 4.5 -8.0 
2021-8-7 2:0:21.141160960 41.7044 -84.9288 11.1 3.8 -5.0 
2021-8-7 2:0:21.177386240 25.9794 -79.1706 11.0 2.0 10.0 
2021-8-7 2:0:21.25338880 41.5591 -84.9322 0.0 0.0 5.0 
2021-8-7 2:0:21.26967552 41.5528 -84.933 4.0 19.5 5.0 
2021-8-7 2:0:21.28355840 41.5579 -84.9308 28.5 3.6 10.0 
2021-8-7 2:0:21.29778176 41.5584 -84.9288 5.2 4.7 6.0 
2021-8-7 2:0:21.35009280 41.5255 -84.9389 1.4 5.0 5.0 
2021-8-7 2:0:21.488537600 43.2049 -101.4267 1.1 11.7 5.0 
2021-8-7 2:0:21.49132544 44.3299 -101.9529 5.0 2.1 -4.0 
2021-8-7 2:0:21.494152704 43.2248 -101.3438 22.6 13.8 4.0 
2021-8-7 2:0:21.524364544 32.5603 -112.2122 8.7 2.4 7.0 
2021-8-7 2:0:21.638523136 44.2513 -101.8774 18.8 16.4 129.0 
2021-8-7 2:0:21.638965760 44.2762 -102.2769 19.0 121.0 -12.0 
2021-8-7 2:0:21.648798976 44.2122 -101.9213 1.1 21.2 -5.0 
2021-8-7 2:0:21.665477376 44.256 -101.9442 6.0 11.1 10.0 
2021-8-7 2:0:21.668974592 44.2311 -102.021 2.5 2.8 -7.0 
2021-8-7 2:0:21.671607040 44.2407 -102.0204 6.8 3.0 4.0 
2021-8-7 2:0:21.677314816 44.2329 -101.8231 6.5 3.4 4.0 
2021-8-7 2:0:21.745830144 40.1386 -101.6685 1.2 6.0 4.0 
2021-8-7 2:0:21.764966656 43.9838 -101.6421 1.4 3.5 -4.0 
2021-8-7 2:0:21.987267072 41.2313 -100.8348 7.2 10.3 -3.0 
2021-8-7 2:0:22.118685184 32.6864 -112.1389 6.5 31.8 4.0 
2021-8-7 2:0:22.138633216 32.6984 -112.1018 14.2 3.5 4.0 
2021-8-7 2:0:22.277780992 44.756 -84.8978 24.8 4.9 8.0 
2021-8-7 2:0:22.278135552 44.7562 -84.8985 5.8 7.4 7.0 
2021-8-7 2:0:22.298831360 28.7407 -81.0612 24.9 4.6 12.0 
2021-8-7 2:0:22.299159552 28.736 -81.0984 0.0 0.0 5.0 
2021-8-7 2:0:22.299206400 28.7367 -81.0975 0.0 0.0 5.0 
2021-8-7 2:0:22.306073856 28.7447 -81.057 17.1 4.4 5.0 
2021-8-7 2:0:22.306585856 44.7575 -84.8943 1.5 6.0 5.0 
2021-8-7 2:0:22.40154880 39.472 -102.4974 7.8 20.9 25.0 
2021-8-7 2:0:22.412334592 44.7225 -84.9299 11.3 5.8 -6.0 
2021-8-7 2:0:22.449111040 28.0872 -81.9472 19.8 8.8 6.0 
2021-8-7 2:0:22.450945536 28.0864 -81.9455 2.2 3.7 3.0 
2021-8-7 2:0:22.451708416 28.0857 -81.945 6.3 2.8 4.0 
2021-8-7 2:0:22.518400768 31.4799 -81.9488 3.0 4.2 11.0 
2021-8-7 2:0:22.518484480 31.4787 -81.9473 0.0 0.0 9.0 
2021-8-7 2:0:22.519086592 31.4805 -81.9456 29.1 4.4 8.0 
2021-8-7 2:0:22.519531008 31.4807 -81.9452 17.6 6.0 12.0 
2021-8-7 2:0:22.520023040 31.4838 -81.9411 10.4 14.8 7.0 
2021-8-7 2:0:22.522203904 31.4941 -81.9378 6.2 14.9 6.0 
2021-8-7 2:0:22.524021504 31.4863 -81.9549 2.2 5.5 5.0 
2021-8-7 2:0:22.532966144 31.4822 -81.9549 6.3 6.0 10.0 
2021-8-7 2:0:22.536411392 31.4814 -81.9506 8.2 13.5 6.0 
2021-8-7 2:0:22.541672960 44.7568 -84.8963 4.1 5.7 5.0 
2021-8-7 2:0:22.558417152 28.8018 -80.9882 4.2 12.8 2.0 
2021-8-7 2:0:22.607856384 44.9305 -84.9132 10.0 1.6 -4.0 
2021-8-7 2:0:22.75621888 40.0953 -101.7073 8.4 2.0 -5.0 
2021-8-7 2:0:22.845404928 40.83 -101.7996 1.1 10.2 -3.0 
2021-8-7 2:0:22.867377920 40.8268 -101.7961 1.5 9.2 -4.0 
2021-8-7 2:0:22.932377600 30.3664 -80.2235 0.0 0.0 -5.0 
2021-8-7 2:0:22.945036288 30.3625 -80.2208 10.9 44.8 -99.0 
2021-8-7 2:0:22.963008256 40.8136 -101.7682 1.6 11.0 -2.0 
2021-8-7 2:0:22.968083456 30.3725 -80.2168 2.3 1.6 -5.0 
2021-8-7 2:0:22.995744512 30.3648 -80.2296 7.8 35.0 -40.0 
2021-8-7 2:0:23.107405568 30.3652 -80.2287 1.1 16.4 -9.0 
2021-8-7 2:0:23.123655680 30.365 -80.2283 1.6 14.4 -10.0 
2021-8-7 2:0:23.189831424 42.7236 -88.5076 8.8 2.4 6.0 
2021-8-7 2:0:23.409357824 44.0697 -101.7804 1.9 31.7 -4.0 
2021-8-7 2:0:23.51565056 30.3611 -80.2228 5.3 29.8 -29.0 
2021-8-7 2:0:23.526208768 43.3358 -101.587 2.1 7.0 7.0 
2021-8-7 2:0:23.528715520 42.9431 -89.152 4.0 3.7 -5.0 
2021-8-7 2:0:23.601406208 22.198 -103.3069 11.3 13.1 -23.0 
2021-8-7 2:0:23.653150976 44.1498 -101.8683 13.9 5.7 3.0 
2021-8-7 2:0:23.685443584 44.4942 -102.0934 5.5 3.3 -5.0 
2021-8-7 2:0:23.760203264 43.9334 -101.7448 26.9 25.6 87.0 
2021-8-7 2:0:23.76223232 30.3649 -80.2287 1.6 20.4 -13.0 
2021-8-7 2:0:23.766362368 43.947 -101.7598 19.8 4.3 8.0 
2021-8-7 2:0:23.76940800 30.3617 -80.254 1.4 9.1 -13.0 
2021-8-7 2:0:23.77165824 30.1805 -80.3837 0.0 0.0 -5.0 
2021-8-7 2:0:23.780878848 43.9663 -101.7143 6.1 1.6 5.0 
2021-8-7 2:0:23.818468608 44.5001 -102.1043 18.2 3.1 -3.0 
2021-8-7 2:0:23.828743936 27.1763 -107.6612 5.4 5.3 15.0 
2021-8-7 2:0:23.83160576 30.3613 -80.2225 2.2 28.5 -9.0 
2021-8-7 2:0:23.862069248 40.9415 -101.0319 1.6 11.4 6.0 
2021-8-7 2:0:23.895030016 40.9422 -101.0372 12.3 6.1 5.0 
2021-8-7 2:0:23.898836736 41.4597 -84.8563 2.5 6.3 -5.0 
2021-8-7 2:0:23.912535296 40.9395 -101.0383 9.7 5.0 8.0 
2021-8-7 2:0:23.917672448 43.6836 -101.8684 3.4 4.0 5.0 
2021-8-7 2:0:23.944592128 40.9436 -101.0349 2.9 22.1 7.0 
2021-8-7 2:0:23.982083328 43.3664 -101.384 1.9 3.3 -8.0 
2021-8-7 2:0:23.982496512 41.4959 -84.8221 5.0 28.4 -11.0 
2021-8-7 2:0:24.154200832 42.6956 -100.8255 4.0 7.7 5.0 
2021-8-7 2:0:24.423899648 44.24 -101.8453 14.0 6.4 -14.0 
2021-8-7 2:0:24.463629312 43.9315 -101.6634 1.0 2.1 -4.0 
2021-8-7 2:0:24.594674944 30.0153 -80.4639 4.3 6.5 12.0 
2021-8-7 2:0:24.656727808 30.0207 -80.4627 4.6 3.7 4.0 
2021-8-7 2:0:24.66162432 41.4592 -84.8677 4.2 19.4 -15.0 
2021-8-7 2:0:24.907061248 25.943 -79.1592 1.4 22.2 7.0 
2021-8-7 2:0:24.912834560 42.8796 -101.1906 4.0 17.6 5.0 
2021-8-7 2:0:25.145906944 30.0217 -80.4119 3.0 5.7 -6.0 
2021-8-7 2:0:25.165622016 42.8402 -101.169 2.1 14.8 -7.0 
2021-8-7 2:0:25.201706240 30.0172 -80.4653 2.5 12.2 4.0 
2021-8-7 2:0:25.372065792 30.014 -80.4406 4.0 38.0 -47.0 
2021-8-7 2:0:25.458378496 41.3184 -100.8933 2.5 3.6 -4.0 
2021-8-7 2:0:25.474937088 43.177 -101.4644 1.4 8.1 6.0 
2021-8-7 2:0:25.502051072 40.099 -101.7094 21.1 12.0 -4.0 
2021-8-7 2:0:25.503716096 30.0658 -80.4615 5.0 11.3 -28.0 
2021-8-7 2:0:25.503743232 30.0674 -80.4615 0.0 0.0 -15.0 
2021-8-7 2:0:25.503761152 30.0674 -80.4634 0.0 0.0 -4.0 
2021-8-7 2:0:25.509940480 30.0178 -80.4621 1.8 4.1 -5.0 
2021-8-7 2:0:25.55107584 30.0237 -80.4046 1.0 3.3 3.0 
2021-8-7 2:0:25.559240960 26.9112 -108.6285 3.9 9.2 11.0 
2021-8-7 2:0:25.561510656 28.3099 -81.7361 1.8 3.1 5.0 
2021-8-7 2:0:25.562611456 28.3009 -81.7527 0.0 0.0 4.0 
2021-8-7 2:0:25.562612736 28.3114 -81.7406 0.0 0.0 4.0 
2021-8-7 2:0:25.562802432 28.3124 -81.7423 16.9 10.9 28.0 
2021-8-7 2:0:25.566632448 28.3386 -81.8271 1.1 5.0 2.0 
2021-8-7 2:0:25.567024896 28.3532 -81.8739 1.9 7.5 2.0 
2021-8-7 2:0:25.576622592 28.3708 -81.9206 1.2 7.2 2.0 
2021-8-7 2:0:25.616395008 40.6595 -101.7994 26.1 22.9 139.0 
2021-8-7 2:0:25.633624064 40.6724 -101.8849 4.8 12.6 -3.0 
2021-8-7 2:0:25.643236096 40.729 -101.678 1.4 3.0 3.0 
2021-8-7 2:0:25.643614720 40.7107 -101.7155 1.9 3.7 4.0 
2021-8-7 2:0:25.652188160 28.2878 -81.6847 9.2 3.8 -4.0 
2021-8-7 2:0:25.668834816 43.1948 -101.455 4.5 16.2 13.0 
2021-8-7 2:0:25.696418304 41.2513 -100.8685 4.9 5.5 -5.0 
2021-8-7 2:0:25.728515072 28.3121 -81.7389 6.0 2.2 -2.0 
2021-8-7 2:0:25.805223168 28.3662 -81.5849 5.2 7.7 -5.0 
2021-8-7 2:0:25.806803968 28.3702 -81.5948 9.2 2.9 -4.0 
2021-8-7 2:0:25.811116032 28.3777 -81.5703 1.7 11.8 -4.0 
2021-8-7 2:0:25.837461504 28.4378 -81.5115 2.0 3.1 -3.0 
2021-8-7 2:0:25.839184640 42.7466 -88.5021 8.3 3.3 3.0 
2021-8-7 2:0:25.843454464 44.2088 -101.7436 3.6 1.7 -4.0 
2021-8-7 2:0:25.968934912 44.2454 -101.748 11.5 11.9 -4.0 
2021-8-7 2:0:26.129238784 43.432 -101.4831 2.3 3.8 3.0 
2021-8-7 2:0:26.188126720 43.398 -101.5457 1.8 5.5 7.0 
2021-8-7 2:0:26.254093568 28.3016 -81.6212 9.8 2.3 4.0 
2021-8-7 2:0:26.305038592 32.1257 -112.1861 9.3 21.4 -24.0 
2021-8-7 2:0:26.339150336 40.9582 -100.9535 11.7 2.3 -5.0 
2021-8-7 2:0:26.339674112 40.999 -100.9497 3.6 5.2 -9.0 
2021-8-7 2:0:26.340350464 40.981 -100.9552 2.0 3.2 -6.0 
2021-8-7 2:0:26.353943552 43.3881 -101.602 3.5 3.1 -4.0 
2021-8-7 2:0:26.355257600 32.1363 -112.192 7.7 28.4 -12.0 
2021-8-7 2:0:26.45196544 44.4729 -102.2105 1.6 2.8 -4.0 
2021-8-7 2:0:26.550467328 43.92 -101.6683 4.8 12.1 -10.0 
2021-8-7 2:0:26.551941120 43.8548 -101.6432 1.1 3.0 -5.0 
2021-8-7 2:0:26.604029440 43.9826 -101.7992 3.0 2.2 -4.0 
2021-8-7 2:0:26.610108928 43.9592 -101.792 4.2 17.2 -5.0 
2021-8-7 2:0:26.618106624 43.9639 -101.7941 23.8 4.2 -3.0 
2021-8-7 2:0:26.622535936 43.5875 -101.6323 1.8 2.1 -5.0 
2021-8-7 2:0:26.637495552 41.0009 -100.9523 3.3 4.7 -7.0 
2021-8-7 2:0:26.673363712 44.3016 -101.7738 2.9 6.8 -6.0 
2021-8-7 2:0:26.697774592 44.1834 -101.9057 1.5 13.2 -4.0 
2021-8-7 2:0:26.71970816 44.4722 -102.2119 1.2 1.9 6.0 
2021-8-7 2:0:26.840174336 40.5176 -105.5918 0.0 0.0 2.0 
2021-8-7 2:0:26.905033472 32.1368 -112.1914 5.2 27.9 -17.0 
2021-8-7 2:0:26.935116800 42.699 -88.5127 13.1 2.2 14.0 
2021-8-7 2:0:26.942796288 42.6975 -88.5136 6.5 1.9 6.0 
2021-8-7 2:0:26.955298304 42.6969 -88.5142 2.4 2.9 5.0 
2021-8-7 2:0:26.98130432 43.4104 -101.5401 4.5 3.8 4.0 
2021-8-7 2:0:27.120880384 32.1367 -112.1918 4.2 28.4 -12.0 
2021-8-7 2:0:27.198221056 43.3372 -101.832 5.3 4.5 -3.0 
2021-8-7 2:0:27.200127744 32.4592 -112.2767 1.9 1.4 3.0 
2021-8-7 2:0:27.42093056 42.7187 -88.5269 6.9 1.6 3.0 
2021-8-7 2:0:27.631189504 32.137 -112.1907 2.2 18.2 -10.0 
2021-8-7 2:0:28.122931200 40.5038 -105.325 2.3 8.9 7.0 
2021-8-7 2:0:28.125820672 44.4352 -102.2306 12.4 5.2 -4.0 
2021-8-7 2:0:28.182092032 44.0861 -101.8202 2.3 3.4 -5.0 
2021-8-7 2:0:28.187444992 44.0627 -101.8056 11.7 9.6 -5.0 
2021-8-7 2:0:28.339371008 32.48 -112.0742 2.6 1.8 3.0 
2021-8-7 2:0:28.370295296 32.528 -112.1854 6.3 4.5 10.0 
2021-8-7 2:0:28.433545728 43.9854 -101.669 5.0 4.2 -5.0 
2021-8-7 2:0:28.484676096 26.7092 -108.5867 3.4 4.9 11.0 
2021-8-7 2:0:28.490224128 32.5174 -112.1765 8.5 3.8 7.0 
2021-8-7 2:0:28.642987776 42.8801 -89.0243 8.1 5.2 12.0 
2021-8-7 2:0:29.128516608 44.243 -101.8488 0.0 0.0 -5.0 
2021-8-7 2:0:29.128621568 44.2423 -101.8492 8.6 9.4 -11.0 
2021-8-7 2:0:29.16005120 42.6298 -100.8743 5.6 6.5 4.0 
2021-8-7 2:0:29.183084288 44.3305 -101.9242 2.5 5.3 -4.0 
2021-8-7 2:0:29.189573120 42.8625 -88.866 15.1 4.2 -3.0 
2021-8-7 2:0:29.293428224 44.2478 -101.8512 2.9 20.4 -10.0 
2021-8-7 2:0:29.468840448 42.7057 -100.864 6.8 10.2 5.0 
2021-8-7 2:0:29.476216320 40.1332 -107.6556 7.8 22.9 -18.0 
2021-8-7 2:0:29.554784000 40.1308 -107.6723 9.8 13.9 -27.0 
2021-8-7 2:0:29.560368384 40.1592 -101.7419 15.2 7.8 -6.0 
2021-8-7 2:0:29.576920576 42.9734 -89.11 3.4 2.1 -4.0 
2021-8-7 2:0:29.596257536 42.9368 -89.252 10.2 3.0 -3.0 
2021-8-7 2:0:29.61172992 42.6534 -100.8649 1.4 12.8 3.0 
2021-8-7 2:0:29.722739456 40.0542 -101.6475 17.9 3.3 5.0 
2021-8-7 2:0:29.769784320 39.6842 -102.1856 12.8 2.5 -5.0 
2021-8-7 2:0:29.896989952 38.1314 -105.7315 10.3 12.7 3.0 
2021-8-7 2:0:29.912624896 38.113 -105.6825 9.3 6.3 5.0 
2021-8-7 2:0:29.973075712 41.2014 -100.8515 1.4 25.1 -4.0 
2021-8-7 2:0:3.112335104 42.6664 -100.9397 8.7 18.6 6.0 
2021-8-7 2:0:3.212436736 44.2309 -101.8473 5.4 9.7 -6.0 
2021-8-7 2:0:3.229152768 40.096 -101.53 3.4 4.0 -6.0 
2021-8-7 2:0:3.251162112 44.3227 -101.9188 5.3 9.4 -2.0 
2021-8-7 2:0:3.296857600 30.0427 -80.3412 10.4 30.1 -87.0 
2021-8-7 2:0:3.296943360 30.0689 -80.4235 0.0 0.0 -6.0 
2021-8-7 2:0:3.309211392 30.0456 -80.3728 19.8 15.7 -25.0 
2021-8-7 2:0:3.337672704 30.0422 -80.3416 9.2 29.5 -28.0 
2021-8-7 2:0:3.337775104 30.0631 -80.3389 0.0 0.0 -17.0 
2021-8-7 2:0:3.337850112 30.0457 -80.3504 0.0 0.0 -10.0 
2021-8-7 2:0:3.375720192 30.042 -80.3403 6.7 38.0 -39.0 
2021-8-7 2:0:3.383380736 45.7954 -103.6613 6.5 25.9 -16.0 
2021-8-7 2:0:3.396500480 30.0588 -80.3522 11.4 4.8 -11.0 
2021-8-7 2:0:3.39818496 26.5317 -93.4911 17.4 10.2 -46.0 
2021-8-7 2:0:3.407067648 30.0504 -80.3734 7.5 5.0 -6.0 
2021-8-7 2:0:3.429019904 42.8872 -89.3064 7.0 1.6 3.0 
2021-8-7 2:0:3.47624192 26.5444 -93.478 6.5 38.2 -66.0 
2021-8-7 2:0:3.505510656 45.7975 -103.6592 2.5 22.1 -20.0 
2021-8-7 2:0:3.537626368 45.7971 -103.6592 1.2 22.5 -8.0 
2021-8-7 2:0:3.566871552 30.0551 -80.3596 3.2 2.7 18.0 
2021-8-7 2:0:3.588907776 20.5749 -97.9386 6.8 42.0 -68.0 
2021-8-7 2:0:3.597080832 45.7974 -103.6591 3.8 25.9 -16.0 
2021-8-7 2:0:3.632044032 30.0531 -80.3699 0.0 0.0 4.0 
2021-8-7 2:0:3.632108032 30.0547 -80.3636 0.0 0.0 4.0 
2021-8-7 2:0:3.632142848 30.0544 -80.3606 0.0 0.0 5.0 
2021-8-7 2:0:3.632213760 30.0558 -80.3558 0.0 0.0 6.0 
2021-8-7 2:0:3.632286464 30.1176 -80.24 1.6 3.6 12.0 
2021-8-7 2:0:3.644403456 42.9542 -89.0906 18.9 4.5 3.0 
2021-8-7 2:0:3.693689856 30.044 -80.3612 12.7 5.5 8.0 
2021-8-7 2:0:3.697359104 43.9428 -101.7067 2.6 2.5 5.0 
2021-8-7 2:0:3.737447936 32.8957 -108.345 3.2 22.1 -6.0 
2021-8-7 2:0:3.889500672 44.0121 -101.7364 2.2 4.7 -4.0 
2021-8-7 2:0:3.890240000 44.0045 -101.7636 8.8 2.6 -5.0 
2021-8-7 2:0:3.897884416 30.0347 -80.4246 2.5 10.9 -6.0 
2021-8-7 2:0:3.94693376 26.5315 -93.4875 3.8 22.4 -21.0 
2021-8-7 2:0:30.272763904 43.9202 -101.7892 11.9 6.1 -5.0 
2021-8-7 2:0:30.380425472 44.0683 -101.73 2.4 2.4 3.0 
2021-8-7 2:0:30.601185280 40.1052 -101.5616 7.5 4.5 5.0 
2021-8-7 2:0:30.647721216 43.3806 -101.3085 4.3 14.3 3.0 
2021-8-7 2:0:30.673268224 43.3445 -101.4318 5.7 2.6 -8.0 
2021-8-7 2:0:30.800476160 39.9559 -101.6459 4.3 2.4 3.0 
2021-8-7 2:0:30.819556096 24.8634 -79.1121 5.5 28.9 -46.0 
2021-8-7 2:0:30.845513472 25.9924 -79.1908 1.7 12.1 5.0 
2021-8-7 2:0:30.895862784 24.8701 -79.1283 9.7 57.9 -33.0 
2021-8-7 2:0:30.903904000 33.804 -89.3725 3.0 2.6 3.0 
2021-8-7 2:0:30.913546752 24.8757 -79.138 1.9 26.6 -13.0 
2021-8-7 2:0:30.936833024 26.0042 -79.2177 1.0 5.4 5.0 
2021-8-7 2:0:30.937028096 44.1481 -101.814 1.4 13.4 -7.0 
2021-8-7 2:0:30.963533568 43.3919 -101.6808 1.3 3.5 -3.0 
2021-8-7 2:0:30.995472640 24.8697 -79.1282 3.8 38.6 -67.0 
2021-8-7 2:0:31.10421760 25.9966 -79.1824 2.9 4.7 4.0 
2021-8-7 2:0:31.144523776 44.8461 -84.9196 0.0 0.0 -6.0 
2021-8-7 2:0:31.144624640 44.8447 -84.9202 0.0 0.0 -5.0 
2021-8-7 2:0:31.144688128 44.8462 -84.9209 0.0 0.0 -11.0 
2021-8-7 2:0:31.144963584 44.847 -84.9209 0.0 0.0 -15.0 
2021-8-7 2:0:31.145099264 44.8457 -84.9245 0.0 0.0 -14.0 
2021-8-7 2:0:31.145128192 44.845 -84.9153 0.0 0.0 -10.0 
2021-8-7 2:0:31.146460672 44.8079 -84.9298 3.1 2.7 -4.0 
2021-8-7 2:0:31.171560448 44.8302 -84.9445 6.2 36.9 -8.0 
2021-8-7 2:0:31.181861888 44.8477 -84.9499 4.0 26.1 -18.0 
2021-8-7 2:0:31.182475520 44.8499 -84.947 24.9 3.8 -6.0 
2021-8-7 2:0:31.333488896 34.2739 -109.374 9.7 9.9 4.0 
2021-8-7 2:0:31.338138624 24.8699 -79.1281 9.2 29.0 -29.0 
2021-8-7 2:0:31.403846656 24.8691 -79.1292 1.6 17.6 -10.0 
2021-8-7 2:0:31.407782912 24.8727 -79.0857 1.8 2.5 9.0 
2021-8-7 2:0:31.675366912 24.553 -102.5063 8.3 51.8 -60.0 
2021-8-7 2:0:31.735364608 41.3157 -100.8057 6.2 14.9 -4.0 
2021-8-7 2:0:31.75684864 24.869 -79.1294 2.1 25.8 -13.0 
2021-8-7 2:0:31.759865600 41.338 -100.9113 2.2 6.5 -7.0 
2021-8-7 2:0:31.775995648 41.3382 -100.9192 1.6 8.7 -5.0 
2021-8-7 2:0:31.800044032 44.2763 -101.8128 10.9 5.0 -17.0 
2021-8-7 2:0:31.802275072 44.2429 -101.7949 1.1 2.9 -4.0 
2021-8-7 2:0:31.98508032 24.8687 -79.129 1.5 17.2 -12.0 
2021-8-7 2:0:32.455032576 44.397 -102.1206 2.1 14.2 7.0 
2021-8-7 2:0:32.539225088 44.3816 -102.1018 10.8 4.6 5.0 
2021-8-7 2:0:32.573056000 28.5412 -81.2186 0.0 0.0 3.0 
2021-8-7 2:0:32.573232640 28.5406 -81.2188 2.9 2.6 3.0 
2021-8-7 2:0:32.575063808 28.5427 -81.2228 0.0 0.0 2.0 
2021-8-7 2:0:32.576181760 28.5005 -81.2326 1.6 5.4 6.0 
2021-8-7 2:0:32.582792192 42.9611 -89.1328 21.1 10.0 3.0 
2021-8-7 2:0:32.593151232 32.6126 -107.1786 12.7 12.8 10.0 
2021-8-7 2:0:32.594141696 32.6146 -107.1793 19.4 6.7 22.0 
2021-8-7 2:0:32.595162880 32.6592 -107.1595 2.2 4.3 6.0 
2021-8-7 2:0:32.604846080 32.6129 -107.1793 1.7 8.1 4.0 
2021-8-7 2:0:32.606291968 28.5361 -81.2206 24.9 10.2 9.0 
2021-8-7 2:0:32.631840512 28.6095 -81.1575 1.1 2.1 3.0 
2021-8-7 2:0:32.636873984 28.5529 -81.3003 1.4 3.1 3.0 
2021-8-7 2:0:32.646700544 28.537 -81.2234 3.8 4.8 3.0 
2021-8-7 2:0:32.665425152 44.3815 -102.1596 9.1 27.1 21.0 
2021-8-7 2:0:32.671465984 28.5441 -81.2395 3.4 2.4 2.0 
2021-8-7 2:0:32.672908288 44.3803 -102.1613 6.6 3.3 -3.0 
2021-8-7 2:0:32.684808704 44.3516 -102.1737 1.1 2.7 -5.0 
2021-8-7 2:0:32.729246464 32.4323 -112.2073 1.9 5.7 4.0 
2021-8-7 2:0:32.766038272 43.4006 -101.54 4.8 6.1 5.0 
2021-8-7 2:0:32.788836864 28.5358 -81.223 15.3 2.6 5.0 
2021-8-7 2:0:32.972285952 43.4658 -101.3552 4.8 2.5 -5.0 
2021-8-7 2:0:33.118926336 28.5539 -81.1737 4.6 6.5 -5.0 
2021-8-7 2:0:33.152310528 28.4973 -81.2866 20.3 38.4 -26.0 
2021-8-7 2:0:33.176099840 28.5243 -81.3781 5.9 12.8 4.0 
2021-8-7 2:0:33.178061568 28.6155 -81.3933 2.4 1.6 4.0 
2021-8-7 2:0:33.179944960 28.5057 -81.3093 2.1 6.8 2.0 
2021-8-7 2:0:33.185365504 28.4907 -81.3102 4.5 4.0 3.0 
2021-8-7 2:0:33.187521280 28.602 -81.3473 9.8 2.8 3.0 
2021-8-7 2:0:33.191827200 28.569 -81.3622 1.9 2.9 2.0 
2021-8-7 2:0:33.244727808 28.4895 -81.3304 2.0 4.1 2.0 
2021-8-7 2:0:33.258251520 40.173 -101.723 1.6 12.9 -4.0 
2021-8-7 2:0:33.429488640 26.4892 -108.3751 2.4 3.9 23.0 
2021-8-7 2:0:33.436411136 44.2235 -101.9096 2.8 1.5 3.0 
2021-8-7 2:0:33.487175680 28.6107 -81.2343 0.0 0.0 5.0 
2021-8-7 2:0:33.487305984 28.6319 -81.0881 0.0 0.0 9.0 
2021-8-7 2:0:33.487506688 28.6443 -81.226 25.9 4.2 14.0 
2021-8-7 2:0:33.487645184 28.6126 -81.2278 0.0 0.0 -2.0 
2021-8-7 2:0:33.487673344 28.6147 -81.2337 0.0 0.0 4.0 
2021-8-7 2:0:33.487853568 28.607 -81.1872 0.0 0.0 10.0 
2021-8-7 2:0:33.488064768 28.6064 -81.1883 0.0 0.0 5.0 
2021-8-7 2:0:33.49887744 44.2171 -101.8569 6.7 3.3 -8.0 
2021-8-7 2:0:33.550795008 32.6374 -112.0619 1.9 3.0 5.0 
2021-8-7 2:0:33.666974464 32.4212 -111.9726 1.4 6.4 3.0 
2021-8-7 2:0:33.673360384 32.3701 -112.1002 11.9 4.7 6.0 
2021-8-7 2:0:33.71608576 26.3914 -108.443 4.2 4.7 14.0 
2021-8-7 2:0:33.755330816 44.2895 -101.9589 12.3 3.1 -7.0 
2021-8-7 2:0:33.798350080 44.1698 -101.8357 1.6 4.2 -4.0 
2021-8-7 2:0:33.925148672 32.4873 -112.2321 8.7 2.1 -3.0 
2021-8-7 2:0:34.116894976 42.1674 -100.556 11.5 2.3 -6.0 
2021-8-7 2:0:34.141503232 48.6174 -106.5308 8.8 25.9 -19.0 
2021-8-7 2:0:34.18091264 32.4179 -112.0511 1.5 5.3 6.0 
2021-8-7 2:0:34.207868160 34.4691 -79.531 2.9 9.9 -13.0 
2021-8-7 2:0:34.273816576 34.4411 -79.5205 4.5 26.8 -16.0 
2021-8-7 2:0:34.513921024 43.325 -101.2737 6.8 4.2 5.0 
2021-8-7 2:0:34.528157184 45.1413 -110.4386 23.9 9.2 4.0 
2021-8-7 2:0:34.679550720 42.6909 -88.541 5.0 2.5 3.0 
2021-8-7 2:0:34.808786176 23.9315 -102.6134 4.2 18.9 -19.0 
2021-8-7 2:0:34.833599488 34.479 -79.5554 8.1 14.7 -10.0 
2021-8-7 2:0:34.855165952 43.7765 -101.547 4.0 10.0 -3.0 
2021-8-7 2:0:34.961425152 43.3506 -101.3774 4.0 2.9 -4.0 
2021-8-7 2:0:35.134983936 43.3444 -101.428 15.4 3.4 -10.0 
2021-8-7 2:0:35.176753664 28.3004 -82.0599 1.4 4.0 3.0 
2021-8-7 2:0:35.19363072 40.0516 -101.639 8.8 3.8 3.0 
2021-8-7 2:0:35.264960512 43.9854 -101.7372 12.8 4.5 -5.0 
2021-8-7 2:0:35.335073280 43.9848 -101.7187 9.2 2.2 -3.0 
2021-8-7 2:0:35.346811136 43.9853 -101.7211 24.0 2.6 -6.0 
2021-8-7 2:0:35.350944768 44.0198 -101.7324 9.3 3.3 -2.0 
2021-8-7 2:0:35.362954496 43.986 -101.7269 4.7 7.4 -5.0 
2021-8-7 2:0:35.37474304 41.2063 -100.8566 3.2 2.1 -3.0 
2021-8-7 2:0:35.459715072 26.4584 -108.428 5.2 26.8 -30.0 
2021-8-7 2:0:35.467732224 25.7736 -79.1158 3.0 5.2 3.0 
2021-8-7 2:0:35.476295424 28.1909 -81.977 3.1 9.1 4.0 
2021-8-7 2:0:35.476889088 28.2396 -82.0851 2.1 9.3 2.0 
2021-8-7 2:0:35.48420608 41.207 -100.8561 17.4 2.5 -6.0 
2021-8-7 2:0:35.491547648 43.7456 -101.5775 11.1 3.9 -4.0 
2021-8-7 2:0:35.498777856 42.7399 -100.9493 2.3 14.9 11.0 
2021-8-7 2:0:35.504371712 28.1697 -81.9724 1.1 5.8 3.0 
2021-8-7 2:0:35.506286080 28.1919 -81.9815 3.1 9.4 6.0 
2021-8-7 2:0:35.508740864 28.1694 -81.972 1.3 3.7 3.0 
2021-8-7 2:0:35.509406208 28.3254 -81.9145 1.1 2.5 2.0 
2021-8-7 2:0:35.509849600 28.2029 -81.9843 1.4 4.0 3.0 
2021-8-7 2:0:35.510060800 43.9084 -101.6587 25.4 3.3 -10.0 
2021-8-7 2:0:35.543944960 26.5586 -108.4353 4.5 29.2 -18.0 
2021-8-7 2:0:35.5514496 42.9459 -89.1846 3.5 3.4 -3.0 
2021-8-7 2:0:35.591233024 25.8293 -79.1094 1.1 4.0 6.0 
2021-8-7 2:0:35.669521152 26.4511 -108.4106 8.6 35.3 -35.0 
2021-8-7 2:0:35.74021376 43.338 -101.4381 3.8 7.3 -5.0 
2021-8-7 2:0:35.76729856 41.1801 -100.7458 3.6 2.4 -5.0 
2021-8-7 2:0:35.78604544 42.6937 -100.8696 1.8 5.7 6.0 
2021-8-7 2:0:35.851504128 41.3227 -100.5348 6.3 18.1 -6.0 
2021-8-7 2:0:35.949645824 41.331 -100.5528 3.7 4.1 6.0 
2021-8-7 2:0:36.157677568 47.3567 -108.637 3.5 35.9 -21.0 
2021-8-7 2:0:36.281625600 30.5541 -80.1267 6.6 7.8 9.0 
2021-8-7 2:0:36.287043072 41.2801 -100.866 18.7 22.1 -4.0 
2021-8-7 2:0:36.294741760 43.3716 -101.4558 5.0 6.5 -6.0 
2021-8-7 2:0:36.345579520 42.6785 -100.908 14.6 15.7 -24.0 
2021-8-7 2:0:36.376324864 32.0661 -112.3797 5.7 17.2 4.0 
2021-8-7 2:0:36.379300608 32.0687 -112.3782 3.0 19.6 7.0 
2021-8-7 2:0:36.384113408 42.6783 -100.9075 2.0 28.7 -18.0 
2021-8-7 2:0:36.415295488 43.4978 -101.4543 8.3 3.1 -3.0 
2021-8-7 2:0:36.473032192 43.3982 -101.292 3.8 2.8 2.0 
2021-8-7 2:0:36.479638784 45.7818 -103.6873 2.4 1.9 6.0 
2021-8-7 2:0:36.568996096 42.6788 -100.9062 10.1 27.5 -26.0 
2021-8-7 2:0:36.655483904 42.6791 -100.9066 2.4 47.0 -7.0 
2021-8-7 2:0:36.677325312 44.0152 -101.7879 2.5 4.2 -4.0 
2021-8-7 2:0:36.678632960 42.679 -100.9056 5.2 24.4 -35.0 
2021-8-7 2:0:36.67980288 47.3476 -108.6298 17.6 2.8 -7.0 
2021-8-7 2:0:36.68200960 47.3701 -108.5935 0.0 0.0 -5.0 
2021-8-7 2:0:36.68907008 47.323 -108.6283 0.0 0.0 -5.0 
2021-8-7 2:0:36.724757760 43.9542 -101.839 1.6 9.3 -5.0 
2021-8-7 2:0:36.749241344 42.6794 -100.9047 0.0 0.0 4.0 
2021-8-7 2:0:36.749331968 42.6789 -100.9055 7.4 27.2 -34.0 
2021-8-7 2:0:36.790321920 42.679 -100.9063 3.1 26.2 -9.0 
2021-8-7 2:0:36.857303296 44.2337 -101.8415 10.0 24.6 -6.0 
2021-8-7 2:0:36.917108224 44.0404 -101.7496 3.2 4.5 -5.0 
2021-8-7 2:0:36.956011264 42.6791 -100.9053 2.7 21.9 -7.0 
2021-8-7 2:0:36.96179200 47.3502 -108.638 2.1 26.6 -6.0 
2021-8-7 2:0:36.964561152 42.6795 -100.9072 2.5 17.9 -6.0 
2021-8-7 2:0:36.974411776 42.6778 -100.9261 1.9 18.9 -5.0 
2021-8-7 2:0:37.197530112 43.437 -101.4892 2.9 4.3 3.0 
2021-8-7 2:0:37.283319808 43.8639 -101.6448 9.7 2.4 -4.0 
2021-8-7 2:0:37.34174976 42.6791 -100.9057 4.1 25.1 -9.0 
2021-8-7 2:0:37.404213504 43.3562 -101.6184 4.4 3.0 13.0 
2021-8-7 2:0:37.519982336 44.1283 -101.985 3.0 17.8 -7.0 
2021-8-7 2:0:37.562030336 44.0124 -101.6291 10.0 4.8 -7.0 
2021-8-7 2:0:37.582376960 41.3069 -86.9394 7.2 2.7 9.0 
2021-8-7 2:0:37.582430208 41.3029 -86.949 0.0 0.0 4.0 
2021-8-7 2:0:37.582925312 41.3066 -86.9363 1.6 6.4 6.0 
2021-8-7 2:0:37.583351808 41.3064 -86.9361 0.0 0.0 6.0 
2021-8-7 2:0:37.583471104 41.3076 -86.9374 2.5 3.8 8.0 
2021-8-7 2:0:37.666708224 42.8784 -100.9363 7.2 17.7 7.0 
2021-8-7 2:0:37.782957312 39.6255 -102.2956 5.8 5.0 -10.0 
2021-8-7 2:0:37.923415040 40.1241 -101.6504 11.2 1.6 -4.0 
2021-8-7 2:0:38.223016192 44.4005 -102.135 6.0 4.0 -4.0 
2021-8-7 2:0:38.227945216 43.9793 -101.6871 2.2 7.4 -5.0 
2021-8-7 2:0:38.317305088 40.5341 -105.3426 1.9 18.8 -7.0 
2021-8-7 2:0:38.502515968 43.9852 -101.6972 15.4 2.4 -10.0 
2021-8-7 2:0:38.504017152 42.8881 -89.2863 6.4 3.3 -4.0 
2021-8-7 2:0:38.538448640 43.9841 -101.6973 9.2 6.2 -6.0 
2021-8-7 2:0:38.776032768 26.9866 -107.9685 2.5 6.7 14.0 
2021-8-7 2:0:39.123273472 43.3675 -101.4643 9.4 3.2 5.0 
2021-8-7 2:0:39.133804288 43.3274 -101.4626 6.9 31.8 5.0 
2021-8-7 2:0:39.263466496 44.2455 -101.8474 11.5 4.0 -4.0 
2021-8-7 2:0:39.298447872 47.5285 -108.7893 13.1 3.4 7.0 
2021-8-7 2:0:39.306992896 47.5358 -108.7739 5.7 7.0 5.0 
2021-8-7 2:0:39.350501888 42.9217 -89.1676 10.6 2.9 -8.0 
2021-8-7 2:0:39.50841344 42.8769 -89.1998 22.1 7.3 -5.0 
2021-8-7 2:0:39.596722432 40.3574 -105.7806 8.7 12.4 -7.0 
2021-8-7 2:0:39.640350464 39.5219 -102.4235 8.5 7.5 -4.0 
2021-8-7 2:0:39.650508288 44.2211 -101.8819 3.9 10.7 -6.0 
2021-8-7 2:0:39.652072448 43.867 -101.6603 3.3 16.5 -6.0 
2021-8-7 2:0:39.659075840 44.2185 -101.8927 11.6 2.5 4.0 
2021-8-7 2:0:39.69678336 40.3576 -105.7805 7.2 22.8 -8.0 
2021-8-7 2:0:39.83514112 42.9338 -89.1536 1.8 2.8 10.0 
2021-8-7 2:0:39.842369280 34.256 -109.3889 19.1 3.8 6.0 
2021-8-7 2:0:39.863717376 43.9842 -101.634 17.6 17.2 -8.0 
2021-8-7 2:0:39.932672768 32.4516 -112.12 9.0 10.7 6.0 
2021-8-7 2:0:39.967001600 32.4677 -112.0974 4.4 3.4 3.0 
2021-8-7 2:0:39.987917824 32.565 -112.221 7.4 3.0 6.0 
2021-8-7 2:0:4.102319104 24.9024 -79.112 1.4 2.9 4.0 
2021-8-7 2:0:4.103458816 24.8748 -79.1185 13.6 9.6 12.0 
2021-8-7 2:0:4.113647872 30.009 -80.3772 4.4 21.5 -20.0 
2021-8-7 2:0:4.118883840 34.4199 -79.5015 2.5 5.2 13.0 
2021-8-7 2:0:4.153753344 20.4533 -97.92 3.7 32.3 -36.0 
2021-8-7 2:0:4.183812352 45.1685 -110.5789 10.8 20.9 -16.0 
2021-8-7 2:0:4.515977216 43.3506 -101.4268 13.5 4.0 -8.0 
2021-8-7 2:0:4.565169664 34.4293 -79.5143 2.1 10.0 6.0 
2021-8-7 2:0:4.567385856 30.5493 -80.1207 5.5 6.3 11.0 
2021-8-7 2:0:4.635802880 45.1688 -110.5783 6.5 17.5 -21.0 
2021-8-7 2:0:4.638722304 45.2285 -110.5524 11.8 3.9 -2.0 
2021-8-7 2:0:4.658507520 45.1676 -110.5785 2.5 23.1 -5.0 
2021-8-7 2:0:4.678248192 45.1687 -110.5795 2.8 21.4 -9.0 
2021-8-7 2:0:4.783985920 45.1684 -110.5782 3.9 23.2 -10.0 
2021-8-7 2:0:4.96921600 24.8671 -79.1249 4.0 4.8 13.0 
2021-8-7 2:0:40.125252352 40.1197 -101.7382 3.0 2.2 -4.0 
2021-8-7 2:0:40.150562560 42.7381 -88.5117 10.2 2.4 5.0 
2021-8-7 2:0:40.330789376 40.0689 -101.7167 2.9 2.7 4.0 
2021-8-7 2:0:40.33652480 40.2358 -101.6901 6.9 4.3 -4.0 
2021-8-7 2:0:40.449542144 43.1938 -101.5596 7.2 5.2 -3.0 
2021-8-7 2:0:40.494307840 41.2845 -100.8183 3.1 5.2 -5.0 
2021-8-7 2:0:40.630221312 43.317 -101.4886 5.1 1.9 -4.0 
2021-8-7 2:0:40.786701568 43.4141 -101.6967 1.3 9.7 4.0 
2021-8-7 2:0:40.790379520 43.4174 -101.7076 20.9 20.1 73.0 
2021-8-7 2:0:40.810036224 43.4024 -101.6939 3.5 1.4 7.0 
2021-8-7 2:0:40.916118528 43.2971 -101.5662 2.8 3.4 -3.0 
2021-8-7 2:0:40.920971776 43.4247 -101.6696 2.2 10.8 8.0 
2021-8-7 2:0:40.950170880 44.2927 -101.7702 15.5 2.5 -6.0 
2021-8-7 2:0:40.971661056 43.2149 -101.4626 8.8 3.7 3.0 
2021-8-7 2:0:40.972105472 43.1672 -101.5186 2.7 10.9 4.0 
2021-8-7 2:0:41.123125504 42.6459 -100.9018 4.8 20.0 -6.0 
2021-8-7 2:0:41.187002112 40.2363 -101.6981 2.2 5.4 -4.0 
2021-8-7 2:0:41.257157632 42.6188 -100.8775 14.1 9.8 -14.0 
2021-8-7 2:0:41.271098112 42.643 -100.8843 4.3 9.3 -11.0 
2021-8-7 2:0:41.296235520 32.4234 -112.1312 20.6 3.5 8.0 
2021-8-7 2:0:41.341030656 43.1953 -101.3633 15.2 12.1 2.0 
2021-8-7 2:0:41.358743296 43.1907 -101.4495 2.5 21.9 5.0 
2021-8-7 2:0:41.400091392 43.109 -101.4893 5.5 4.2 3.0 
2021-8-7 2:0:41.428839680 43.1909 -101.449 3.5 11.8 7.0 
2021-8-7 2:0:41.592509184 26.0157 -79.3748 5.5 2.0 4.0 
2021-8-7 2:0:41.622887424 30.0544 -80.3574 3.6 6.0 20.0 
2021-8-7 2:0:41.630256384 30.0625 -80.3567 2.1 4.3 6.0 
2021-8-7 2:0:41.632582912 30.0648 -80.3572 1.9 4.7 5.0 
2021-8-7 2:0:41.639779840 32.2627 -112.3699 2.6 4.6 -9.0 
2021-8-7 2:0:41.669262592 30.0556 -80.3706 0.0 0.0 3.0 
2021-8-7 2:0:41.669383168 30.0562 -80.3644 1.5 9.1 8.0 
2021-8-7 2:0:41.693303040 42.9447 -89.0592 10.3 3.0 4.0 
2021-8-7 2:0:41.699294976 30.0471 -80.3665 1.3 4.6 5.0 
2021-8-7 2:0:41.707392768 30.0562 -80.3626 2.5 6.3 4.0 
2021-8-7 2:0:41.746658560 26.0598 -108.536 6.0 51.1 -18.0 
2021-8-7 2:0:41.756548864 25.8408 -78.9639 1.2 12.6 7.0 
2021-8-7 2:0:41.75795456 32.442 -112.1106 0.0 0.0 -3.0 
2021-8-7 2:0:41.75853312 32.4401 -112.1106 5.0 4.8 -8.0 
2021-8-7 2:0:41.759149824 29.3124 -80.679 0.0 0.0 -8.0 
2021-8-7 2:0:41.759357440 29.3114 -80.6826 14.8 3.0 -9.0 
2021-8-7 2:0:41.759579904 29.3117 -80.68 0.0 0.0 -8.0 
2021-8-7 2:0:41.759595776 29.3108 -80.7129 0.0 0.0 -8.0 
2021-8-7 2:0:41.759817472 29.3129 -80.6863 0.0 0.0 -9.0 
2021-8-7 2:0:41.759872256 29.6396 -80.3605 19.6 2.6 -8.0 
2021-8-7 2:0:41.773342208 29.3126 -80.6787 5.4 5.8 -7.0 
2021-8-7 2:0:41.774720768 29.3126 -80.6813 5.6 44.7 -88.0 
2021-8-7 2:0:41.789928704 29.3124 -80.6815 2.2 16.1 -8.0 
2021-8-7 2:0:41.808472320 29.3123 -80.6808 3.9 27.6 -18.0 
2021-8-7 2:0:41.829423104 29.3117 -80.6815 4.0 30.0 -20.0 
2021-8-7 2:0:41.858388736 29.3124 -80.6812 4.5 34.5 -21.0 
2021-8-7 2:0:41.894422528 43.4031 -101.5565 5.3 1.6 3.0 
2021-8-7 2:0:41.894952960 43.3878 -101.5539 3.8 2.5 3.0 
2021-8-7 2:0:41.905890048 29.312 -80.6816 4.2 33.3 -31.0 
2021-8-7 2:0:41.926671616 32.5381 -112.2545 2.5 19.2 -12.0 
2021-8-7 2:0:41.938766592 44.1163 -101.6562 4.8 1.8 -3.0 
2021-8-7 2:0:41.939583744 29.3125 -80.6808 3.5 33.9 -20.0 
2021-8-7 2:0:41.941564160 43.9692 -101.6652 1.4 4.5 -5.0 
2021-8-7 2:0:41.946369536 43.9551 -101.6943 1.6 6.8 -4.0 
2021-8-7 2:0:41.947539456 43.9313 -101.6835 6.4 7.3 -5.0 
2021-8-7 2:0:41.948921600 43.8563 -101.6488 7.9 7.1 -6.0 
2021-8-7 2:0:42.235965952 40.1692 -101.7367 4.8 6.5 -6.0 
2021-8-7 2:0:42.301969920 42.7366 -88.5211 11.8 2.7 14.0 
2021-8-7 2:0:42.34367488 45.3473 -109.0825 9.0 7.2 4.0 
2021-8-7 2:0:42.385303296 32.2059 -112.3222 10.4 3.8 8.0 
2021-8-7 2:0:42.390200832 42.7355 -88.5038 2.7 13.6 9.0 
2021-8-7 2:0:42.438899456 42.7381 -88.5136 16.8 6.0 21.0 
2021-8-7 2:0:42.44799744 43.8894 -101.7879 1.1 2.6 3.0 
2021-8-7 2:0:42.510324224 42.7059 -100.9788 8.0 38.5 -19.0 
2021-8-7 2:0:42.523142144 44.185 -101.9572 1.3 13.3 -7.0 
2021-8-7 2:0:42.528332288 44.1781 -101.9149 5.0 6.6 -6.0 
2021-8-7 2:0:42.554901760 42.7066 -100.9787 2.0 19.6 -7.0 
2021-8-7 2:0:42.563523328 44.1782 -101.915 2.6 7.3 -6.0 
2021-8-7 2:0:42.565412096 32.3507 -112.0645 4.5 20.7 8.0 
2021-8-7 2:0:42.616203008 42.9477 -89.2633 4.0 3.5 3.0 
2021-8-7 2:0:42.6578176 29.3118 -80.6813 2.8 18.2 -17.0 
2021-8-7 2:0:42.685042176 42.7067 -100.9786 2.3 28.2 -7.0 
2021-8-7 2:0:42.93168128 43.3563 -101.3841 25.9 2.9 -7.0 
2021-8-7 2:0:43.258923776 44.0611 -101.7573 8.3 7.6 -6.0 
2021-8-7 2:0:43.367034368 44.3283 -101.772 7.2 9.4 -3.0 
2021-8-7 2:0:43.396089856 41.3406 -100.8968 14.8 19.3 -36.0 
2021-8-7 2:0:43.5090816 42.6769 -88.4819 5.2 30.5 -16.0 
2021-8-7 2:0:43.71436032 39.8646 -101.8242 8.3 2.9 -7.0 
2021-8-7 2:0:43.855787264 44.2357 -101.8476 6.5 19.4 -4.0 
2021-8-7 2:0:43.871046400 43.4295 -101.5619 4.9 2.6 3.0 
2021-8-7 2:0:43.878898432 44.2318 -101.8382 8.1 25.3 -3.0 
2021-8-7 2:0:43.879762176 44.2291 -101.845 3.8 6.7 -7.0 
2021-8-7 2:0:44.108891648 32.4911 -112.2025 4.0 24.9 -14.0 
2021-8-7 2:0:44.120981504 43.9476 -101.9011 2.6 2.4 -4.0 
2021-8-7 2:0:44.178699264 32.4917 -112.2017 3.4 23.4 -11.0 
2021-8-7 2:0:44.291711232 40.5086 -105.6115 9.7 6.0 2.0 
2021-8-7 2:0:44.322104064 32.4914 -112.2018 7.0 29.1 -41.0 
2021-8-7 2:0:44.550445568 43.9376 -101.8283 6.8 11.8 -5.0 
2021-8-7 2:0:44.573313024 43.4101 -101.4265 2.2 3.5 -4.0 
2021-8-7 2:0:44.738709248 43.3023 -101.2973 2.6 5.0 5.0 
2021-8-7 2:0:45.105613312 41.3192 -100.8126 14.8 3.5 -6.0 
2021-8-7 2:0:45.149110528 44.789 -80.5694 10.2 4.2 5.0 
2021-8-7 2:0:45.150395904 44.8316 -80.5626 1.9 3.6 7.0 
2021-8-7 2:0:45.154781184 44.867 -80.5534 13.4 12.2 6.0 
2021-8-7 2:0:45.22934528 26.8958 -108.6249 2.8 7.1 11.0 
2021-8-7 2:0:45.295682304 44.0433 -101.7363 1.6 10.8 -7.0 
2021-8-7 2:0:45.309707008 30.1663 -80.3235 2.9 11.6 8.0 
2021-8-7 2:0:45.340072704 41.9324 -84.5647 4.9 2.9 9.0 
2021-8-7 2:0:45.340765440 41.9338 -84.5583 11.2 14.3 6.0 
2021-8-7 2:0:45.381292800 41.3441 -100.8124 7.0 2.3 -5.0 
2021-8-7 2:0:45.469751552 30.1695 -80.3242 2.2 9.8 8.0 
2021-8-7 2:0:45.474083584 24.3689 -102.5026 7.3 34.2 -17.0 
2021-8-7 2:0:45.524402688 30.2006 -80.2636 3.1 5.2 9.0 
2021-8-7 2:0:45.569242880 30.2279 -80.29 1.6 3.0 -7.0 
2021-8-7 2:0:45.598653952 30.1733 -80.3158 1.8 8.2 6.0 
2021-8-7 2:0:45.600576000 24.3625 -102.4973 3.2 26.1 -14.0 
2021-8-7 2:0:45.625609984 32.3954 -112.0422 2.5 7.2 2.0 
2021-8-7 2:0:45.658730240 24.3436 -102.5146 6.2 25.8 -17.0 
2021-8-7 2:0:45.936516608 44.2618 -101.9207 1.2 6.1 6.0 
2021-8-7 2:0:45.96928256 42.9468 -89.2379 3.3 9.3 -5.0 
2021-8-7 2:0:46.111752448 44.0443 -101.6147 8.3 9.3 -3.0 
2021-8-7 2:0:46.265696768 39.6458 -102.1662 10.2 2.8 -3.0 
2021-8-7 2:0:46.269934336 30.5469 -111.3697 28.9 9.1 27.0 
2021-8-7 2:0:46.461740544 40.083 -101.7467 9.5 7.0 -6.0 
2021-8-7 2:0:46.558369024 42.6941 -88.4641 0.0 0.0 4.0 
2021-8-7 2:0:46.558485248 42.6813 -88.4513 12.3 2.8 13.0 
2021-8-7 2:0:46.637603840 34.2285 -108.898 8.9 3.0 6.0 
2021-8-7 2:0:46.714736896 43.3597 -101.5487 2.9 2.8 3.0 
2021-8-7 2:0:46.769442048 43.3852 -101.5471 1.6 9.1 4.0 
2021-8-7 2:0:46.78064896 30.5539 -111.3561 16.9 62.5 -158.0 
2021-8-7 2:0:46.841864704 43.9539 -101.8295 8.9 2.6 -7.0 
2021-8-7 2:0:47.152879104 43.4545 -101.1763 1.9 15.2 -9.0 
2021-8-7 2:0:47.187843072 26.4499 -108.4205 5.4 4.5 12.0 
2021-8-7 2:0:47.197656576 43.458 -101.1824 5.8 27.6 -15.0 
2021-8-7 2:0:47.215855360 43.4587 -101.1814 1.8 19.8 -7.0 
2021-8-7 2:0:47.269881600 43.4591 -101.182 4.3 46.2 -21.0 
2021-8-7 2:0:47.336816896 43.459 -101.1822 2.9 21.1 -16.0 
2021-8-7 2:0:47.342924032 26.3876 -108.4744 3.5 42.4 -21.0 
2021-8-7 2:0:47.343330304 40.0525 -101.5096 2.5 2.5 3.0 
2021-8-7 2:0:47.393291520 43.474 -101.1389 1.6 7.8 -6.0 
2021-8-7 2:0:47.432337664 42.7108 -88.5772 6.1 3.0 7.0 
2021-8-7 2:0:47.461796096 32.5534 -112.2185 1.6 6.8 3.0 
2021-8-7 2:0:47.462310912 40.1623 -101.7367 1.2 10.1 -6.0 
2021-8-7 2:0:47.472241408 44.1679 -102.0057 3.6 2.6 -6.0 
2021-8-7 2:0:47.551891968 40.0821 -101.6375 1.3 5.0 -3.0 
2021-8-7 2:0:47.608357376 45.1446 -110.4567 8.4 11.6 5.0 
2021-8-7 2:0:47.634668032 42.6922 -101.037 3.1 5.8 4.0 
2021-8-7 2:0:47.671824384 30.3785 -80.2542 0.0 0.0 16.0 
2021-8-7 2:0:47.671831808 30.3845 -80.2477 8.0 4.9 24.0 
2021-8-7 2:0:47.676097536 30.379 -80.244 0.0 0.0 7.0 
2021-8-7 2:0:47.676218112 30.3811 -80.2441 1.9 9.7 10.0 
2021-8-7 2:0:47.689181952 32.5549 -112.2156 5.0 2.5 7.0 
2021-8-7 2:0:47.715281664 30.3817 -80.2463 3.8 6.2 8.0 
2021-8-7 2:0:47.737287424 30.3738 -80.2429 8.8 9.3 13.0 
2021-8-7 2:0:47.789227008 42.6931 -88.5249 11.5 12.9 7.0 
2021-8-7 2:0:47.809036288 30.3787 -80.2117 1.4 5.0 -6.0 
2021-8-7 2:0:47.824313600 42.8294 -89.1991 5.0 12.1 4.0 
2021-8-7 2:0:47.833763584 26.3915 -108.4667 4.3 23.5 -17.0 
2021-8-7 2:0:47.930379776 42.8688 -88.9832 2.1 3.6 -4.0 
2021-8-7 2:0:48.142761472 44.2422 -101.8393 5.3 22.6 -8.0 
2021-8-7 2:0:48.151336192 42.936 -88.9962 13.3 4.3 -3.0 
2021-8-7 2:0:48.341992192 41.2421 -100.8808 12.8 10.1 -4.0 
2021-8-7 2:0:48.344511744 41.2403 -100.8832 2.5 14.1 -4.0 
2021-8-7 2:0:48.488667392 43.3205 -101.4296 7.8 7.8 -6.0 
2021-8-7 2:0:48.489353216 43.3144 -101.4199 2.2 16.7 -7.0 
2021-8-7 2:0:48.538236416 43.9053 -101.6668 17.4 7.1 -3.0 
2021-8-7 2:0:48.603182848 22.1709 -103.4204 15.6 46.6 -195.0 
2021-8-7 2:0:48.619022080 41.2399 -100.8824 2.0 17.1 -8.0 
2021-8-7 2:0:48.64198656 42.8481 -89.0388 3.5 12.1 7.0 
2021-8-7 2:0:48.664897280 44.022 -101.7999 2.6 4.3 8.0 
2021-8-7 2:0:48.677155328 43.2574 -101.5989 9.2 6.0 2.0 
2021-8-7 2:0:48.706140928 43.7772 -101.5505 1.1 6.7 -5.0 
2021-8-7 2:0:48.782037504 44.004 -101.8228 3.3 2.6 5.0 
2021-8-7 2:0:48.839081472 44.0051 -101.6291 0.0 0.0 -5.0 
2021-8-7 2:0:48.839124992 44.0076 -101.6378 0.0 0.0 -4.0 
2021-8-7 2:0:48.839260416 43.9446 -101.697 2.5 2.8 -8.0 
2021-8-7 2:0:48.843940352 44.016 -101.8351 8.3 19.1 22.0 
2021-8-7 2:0:48.853594368 43.7788 -101.5475 2.9 17.6 -9.0 
2021-8-7 2:0:48.865952000 44.098 -101.927 1.9 4.5 3.0 
2021-8-7 2:0:48.895169280 42.5244 -87.7371 6.6 4.2 11.0 
2021-8-7 2:0:48.895723008 42.5243 -87.735 9.0 4.9 7.0 
2021-8-7 2:0:48.896731136 42.5254 -87.7407 12.5 11.3 -5.0 
2021-8-7 2:0:48.897852672 42.5255 -87.7336 9.9 15.9 6.0 
2021-8-7 2:0:48.913447424 44.0103 -101.8092 1.3 4.4 -7.0 
2021-8-7 2:0:48.918972160 42.5221 -87.7425 18.4 10.2 6.0 
2021-8-7 2:0:48.945491200 42.5134 -87.7199 4.7 3.3 6.0 
2021-8-7 2:0:48.962011904 43.8005 -101.5304 12.9 6.0 -10.0 
2021-8-7 2:0:48.969909760 43.7838 -101.5812 16.2 2.6 -7.0 
2021-8-7 2:0:49.229176320 42.5197 -87.7363 2.2 5.3 6.0 
2021-8-7 2:0:49.322872832 42.77 -88.6958 18.5 3.2 5.0 
2021-8-7 2:0:49.323659776 42.7721 -88.6955 15.2 4.7 17.0 
2021-8-7 2:0:49.324706816 42.7676 -88.6944 1.6 3.8 6.0 
2021-8-7 2:0:49.334045440 42.7642 -88.7038 6.4 3.7 5.0 
2021-8-7 2:0:49.353184768 43.4137 -101.2495 2.0 3.1 3.0 
2021-8-7 2:0:49.396182272 42.745 -87.7089 2.0 11.7 3.0 
2021-8-7 2:0:49.396736256 42.6374 -87.7861 2.3 2.4 4.0 
2021-8-7 2:0:49.512985600 42.645 -87.7374 6.7 7.2 6.0 
2021-8-7 2:0:49.51722752 43.9075 -101.6704 2.6 13.3 -10.0 
2021-8-7 2:0:49.647520256 43.0727 -101.3227 27.8 2.4 6.0 
2021-8-7 2:0:49.648054272 43.0727 -101.3223 23.0 6.0 9.0 
2021-8-7 2:0:49.649191680 43.0716 -101.3208 2.5 4.8 6.0 
2021-8-7 2:0:49.650949632 43.0663 -101.3149 27.4 10.8 5.0 
2021-8-7 2:0:49.652637952 43.0645 -101.309 26.6 12.5 6.0 
2021-8-7 2:0:49.667762944 43.0735 -101.3225 7.4 5.7 8.0 
2021-8-7 2:0:49.751719680 40.0958 -101.6969 14.3 4.0 -4.0 
2021-8-7 2:0:49.945294080 40.0845 -107.7581 8.6 10.1 8.0 
2021-8-7 2:0:49.976480768 43.4095 -101.4766 5.5 4.6 5.0 
2021-8-7 2:0:5.186398976 43.4491 -101.3066 4.9 1.5 3.0 
2021-8-7 2:0:5.193165312 43.9622 -101.6043 6.3 3.3 -6.0 
2021-8-7 2:0:5.272843264 44.2254 -101.7529 0.0 0.0 -3.0 
2021-8-7 2:0:5.272914432 44.2242 -101.7526 2.1 6.8 -5.0 
2021-8-7 2:0:5.275626240 44.2117 -101.7486 4.0 5.5 -4.0 
2021-8-7 2:0:5.313427968 44.2721 -101.7824 24.8 7.5 -4.0 
2021-8-7 2:0:5.367789824 41.2076 -100.8764 20.3 2.8 -5.0 
2021-8-7 2:0:5.427231488 41.3184 -100.8753 3.6 6.8 -7.0 
2021-8-7 2:0:5.502250752 44.2352 -101.7382 6.6 1.9 5.0 
2021-8-7 2:0:5.526669312 25.9438 -79.1799 2.8 7.5 13.0 
2021-8-7 2:0:5.551556608 49.5629 -105.2737 2.5 3.0 6.0 
2021-8-7 2:0:5.552492544 49.5638 -105.2541 26.4 17.6 14.0 
2021-8-7 2:0:5.573539840 49.5702 -105.2752 3.4 4.7 11.0 
2021-8-7 2:0:5.585391360 49.5667 -105.279 21.2 3.8 6.0 
2021-8-7 2:0:5.597795840 44.43 -102.1912 6.5 2.3 -4.0 
2021-8-7 2:0:5.650312960 44.3775 -102.0914 4.5 2.5 -4.0 
2021-8-7 2:0:5.652168704 39.662 -102.1842 9.2 5.5 -4.0 
2021-8-7 2:0:5.678075648 44.1116 -101.9795 2.6 5.8 -4.0 
2021-8-7 2:0:5.912600832 43.3443 -101.4154 6.1 4.2 -7.0 
2021-8-7 2:0:5.926390272 26.5391 -80.5142 24.3 2.8 7.0 
2021-8-7 2:0:5.928050944 26.5389 -80.5169 1.6 3.2 4.0 
2021-8-7 2:0:5.960198144 26.4898 -80.4867 5.7 4.0 3.0 
2021-8-7 2:0:5.991528960 44.2483 -101.8208 2.0 5.2 -5.0 
2021-8-7 2:0:50.114836224 42.868 -89.1615 1.6 8.1 -6.0 
2021-8-7 2:0:50.139285248 43.0271 -101.1996 11.5 7.0 -4.0 
2021-8-7 2:0:50.144744960 43.9144 -101.5972 7.5 20.0 -3.0 
2021-8-7 2:0:50.175703040 43.1508 -101.3277 2.0 11.0 -4.0 
2021-8-7 2:0:50.176196352 34.2606 -109.3766 4.3 3.8 7.0 
2021-8-7 2:0:50.187152384 34.2551 -109.3745 3.0 25.1 6.0 
2021-8-7 2:0:50.28355328 39.9978 -101.5801 2.1 3.4 6.0 
2021-8-7 2:0:50.374530304 40.1436 -101.4846 0.0 0.0 -3.0 
2021-8-7 2:0:50.374641408 40.1442 -101.4843 1.5 6.8 -6.0 
2021-8-7 2:0:50.380040192 40.1466 -101.484 6.2 19.8 -4.0 
2021-8-7 2:0:50.389773824 44.2778 -101.8468 4.5 1.6 -2.0 
2021-8-7 2:0:50.456796928 32.4628 -112.0394 1.9 36.1 4.0 
2021-8-7 2:0:50.457363712 43.3475 -101.3488 3.7 2.1 -4.0 
2021-8-7 2:0:50.564412672 44.1672 -101.8281 23.5 20.2 -6.0 
2021-8-7 2:0:50.576850432 44.1759 -101.7798 12.2 15.0 -10.0 
2021-8-7 2:0:50.694407680 44.1765 -101.7816 5.8 16.8 -11.0 
2021-8-7 2:0:50.696376064 44.166 -101.7664 1.7 26.2 -7.0 
2021-8-7 2:0:50.699906816 41.2457 -100.8183 21.4 2.4 -6.0 
2021-8-7 2:0:50.720386304 41.2443 -100.8256 4.5 2.6 -4.0 
2021-8-7 2:0:50.816145664 43.2074 -101.4382 4.0 7.2 3.0 
2021-8-7 2:0:50.867277568 26.4533 -108.6322 5.7 17.2 -22.0 
2021-8-7 2:0:50.921674752 49.5663 -105.2777 12.2 45.3 -35.0 
2021-8-7 2:0:50.946138624 43.9999 -101.6222 3.2 9.4 -7.0 
2021-8-7 2:0:50.957261824 26.395 -108.6308 4.0 18.6 -18.0 
2021-8-7 2:0:50.970349056 49.5674 -105.2686 6.2 23.5 -23.0 
2021-8-7 2:0:50.996456704 49.5676 -105.2687 2.0 10.2 -17.0 
2021-8-7 2:0:51.186632704 44.2078 -101.9896 6.7 8.8 -18.0 
2021-8-7 2:0:51.187358208 44.2114 -101.9873 2.5 9.2 -10.0 
2021-8-7 2:0:51.187777024 44.2106 -101.9867 5.0 16.5 -6.0 
2021-8-7 2:0:51.187952384 44.2113 -101.9881 0.0 0.0 -6.0 
2021-8-7 2:0:51.188369408 44.2247 -101.9205 3.6 10.8 -6.0 
2021-8-7 2:0:51.193311488 44.2044 -102.0008 2.5 7.8 -4.0 
2021-8-7 2:0:51.193762304 44.1295 -101.9619 1.2 3.0 -4.0 
2021-8-7 2:0:51.217609216 32.5282 -112.1983 3.9 6.1 8.0 
2021-8-7 2:0:51.241992960 32.5289 -112.1995 6.7 3.4 8.0 
2021-8-7 2:0:51.292860672 39.4796 -102.5117 13.3 11.3 -8.0 
2021-8-7 2:0:51.30569984 32.9365 -108.5439 5.5 10.7 6.0 
2021-8-7 2:0:51.31262720 32.9352 -108.5428 1.8 3.8 7.0 
2021-8-7 2:0:51.33685248 33.0168 -108.4795 6.8 5.6 6.0 
2021-8-7 2:0:51.483569152 44.2718 -101.9253 2.9 6.2 -5.0 
2021-8-7 2:0:51.493982720 39.6615 -102.1691 9.9 11.0 -4.0 
2021-8-7 2:0:51.508936192 44.2345 -101.9289 17.4 3.9 4.0 
2021-8-7 2:0:51.551319040 43.3219 -101.5916 6.5 23.8 5.0 
2021-8-7 2:0:51.602586624 44.0792 -101.86 14.6 2.7 -3.0 
2021-8-7 2:0:51.616978176 21.832 -79.9474 4.7 46.1 -58.0 
2021-8-7 2:0:51.681029376 21.8294 -79.9352 2.9 32.9 -27.0 
2021-8-7 2:0:51.712569600 21.8186 -79.9408 2.8 23.2 -13.0 
2021-8-7 2:0:51.880759040 44.3622 -101.7695 6.2 7.2 -7.0 
2021-8-7 2:0:51.880806144 44.405 -101.9162 0.0 0.0 -3.0 
2021-8-7 2:0:51.881352960 44.3617 -101.7678 3.0 11.2 -5.0 
2021-8-7 2:0:51.997528832 42.9398 -101.0966 5.5 4.8 -8.0 
2021-8-7 2:0:52.171117568 44.3672 -101.7537 2.1 10.9 8.0 
2021-8-7 2:0:52.293170432 43.9458 -101.64 13.9 5.2 -6.0 
2021-8-7 2:0:52.385840896 43.9515 -101.6378 21.1 17.8 -11.0 
2021-8-7 2:0:52.413284096 41.2232 -100.8591 10.3 6.0 -4.0 
2021-8-7 2:0:52.545652224 49.4719 -105.3407 1.9 6.9 -8.0 
2021-8-7 2:0:52.570065408 41.2607 -100.8331 9.9 2.1 8.0 
2021-8-7 2:0:52.571856128 41.261 -100.8345 4.1 2.4 4.0 
2021-8-7 2:0:52.601403136 49.4684 -105.3014 4.8 27.3 -13.0 
2021-8-7 2:0:52.632044800 41.2547 -100.8385 17.4 13.5 110.0 
2021-8-7 2:0:52.632096256 41.2663 -100.838 0.0 0.0 33.0 
2021-8-7 2:0:52.654280704 49.4985 -105.3555 4.7 17.3 -18.0 
2021-8-7 2:0:52.731572480 44.2356 -102.0103 14.4 2.8 -3.0 
2021-8-7 2:0:52.744669440 44.1752 -101.8056 2.1 14.7 -5.0 
2021-8-7 2:0:52.755468288 44.2427 -101.8434 3.2 18.1 -10.0 
2021-8-7 2:0:52.833145088 22.8491 -102.6828 2.5 18.4 -14.0 
2021-8-7 2:0:52.953141504 44.248 -101.8407 3.8 21.3 -11.0 
2021-8-7 2:0:52.957370368 40.107 -101.7525 1.3 16.8 -6.0 
2021-8-7 2:0:52.958448128 43.2975 -101.2896 9.5 2.5 -5.0 
2021-8-7 2:0:53.168409600 44.1788 -101.7929 5.7 11.6 -6.0 
2021-8-7 2:0:53.279064064 44.4439 -102.0956 4.5 4.6 -6.0 
2021-8-7 2:0:53.281138944 44.4364 -102.09 9.5 5.8 -10.0 
2021-8-7 2:0:53.281757184 44.3519 -101.8009 7.6 6.3 -6.0 
2021-8-7 2:0:53.282834176 44.4201 -102.0767 7.7 5.2 -6.0 
2021-8-7 2:0:53.364160512 44.0141 -101.6728 11.9 6.4 16.0 
2021-8-7 2:0:53.384693504 44.1523 -101.7808 15.1 1.6 -3.0 
2021-8-7 2:0:53.418078208 43.3778 -101.2373 1.1 3.7 2.0 
2021-8-7 2:0:53.500066048 30.0592 -80.3333 7.1 35.5 -52.0 
2021-8-7 2:0:53.500134912 30.0563 -80.3441 0.0 0.0 -5.0 
2021-8-7 2:0:53.564897280 30.0805 -80.3344 3.6 38.1 -19.0 
2021-8-7 2:0:53.578318080 30.0374 -80.4226 1.6 4.7 9.0 
2021-8-7 2:0:53.598463488 30.081 -80.3339 3.3 34.0 -16.0 
2021-8-7 2:0:53.613325568 24.4293 -102.5465 2.9 12.7 9.0 
2021-8-7 2:0:54.114437888 39.8697 -101.7895 4.1 15.1 -4.0 
2021-8-7 2:0:54.221633792 43.9358 -101.6607 18.7 9.2 10.0 
2021-8-7 2:0:54.284731648 27.012 -107.7971 23.4 30.1 -136.0 
2021-8-7 2:0:54.329381632 27.0381 -107.8181 4.6 23.8 -17.0 
2021-8-7 2:0:54.356756224 27.0293 -107.8031 3.9 26.4 -16.0 
2021-8-7 2:0:54.403300352 26.9965 -107.826 6.1 26.8 -22.0 
2021-8-7 2:0:54.409644544 43.2065 -101.3404 1.9 6.5 3.0 
2021-8-7 2:0:54.437384192 27.0193 -107.7951 5.5 18.6 -24.0 
2021-8-7 2:0:54.59952640 30.0808 -80.3338 3.0 22.7 -24.0 
2021-8-7 2:0:54.65096192 45.2906 -84.8758 27.9 20.2 -44.0 
2021-8-7 2:0:54.68943104 45.3305 -84.8811 4.7 9.4 6.0 
2021-8-7 2:0:54.846092544 30.7009 -80.1196 5.8 3.4 9.0 
2021-8-7 2:0:54.846222848 30.6861 -80.1764 0.0 0.0 7.0 
2021-8-7 2:0:54.848205568 30.695 -80.1151 26.6 5.8 14.0 
2021-8-7 2:0:54.890495488 40.7222 -101.9367 1.5 2.4 -4.0 
2021-8-7 2:0:54.94537984 44.1192 -101.7714 6.0 7.5 -5.0 
2021-8-7 2:0:54.981495552 41.3242 -100.8601 3.5 8.0 -7.0 
2021-8-7 2:0:54.98732800 40.1284 -101.5447 2.5 4.8 3.0 
2021-8-7 2:0:55.297414912 26.3598 -108.4903 13.2 29.8 -15.0 
2021-8-7 2:0:55.333260800 30.7157 -80.1442 6.5 26.3 -20.0 
2021-8-7 2:0:55.439605504 43.5934 -101.6824 8.2 2.1 7.0 
2021-8-7 2:0:55.445694720 43.593 -101.683 17.9 5.0 12.0 
2021-8-7 2:0:55.453155072 43.5904 -101.6856 1.6 8.5 4.0 
2021-8-7 2:0:55.478412544 39.9992 -101.6848 15.1 4.8 -12.0 
2021-8-7 2:0:55.528290560 43.4008 -101.3761 2.2 10.5 -5.0 
2021-8-7 2:0:55.786986240 43.7343 -101.4932 2.1 4.0 -4.0 
2021-8-7 2:0:55.804610816 43.734 -101.4929 3.0 2.0 -6.0 
2021-8-7 2:0:55.841232384 39.9645 -101.6587 22.1 5.3 4.0 
2021-8-7 2:0:56.204126464 40.0751 -101.5058 1.7 4.6 6.0 
2021-8-7 2:0:56.212142592 40.0755 -101.5031 2.1 3.1 4.0 
2021-8-7 2:0:56.260085248 45.266 -87.2957 11.0 3.6 4.0 
2021-8-7 2:0:56.277169408 42.9458 -89.2363 17.8 32.4 -13.0 
2021-8-7 2:0:56.355372544 44.1766 -101.7814 6.1 9.8 -3.0 
2021-8-7 2:0:56.361196288 43.9272 -101.7314 1.7 28.9 -3.0 
2021-8-7 2:0:56.368817152 43.973 -101.7035 6.2 3.2 -3.0 
2021-8-7 2:0:56.369555200 43.9687 -101.7133 9.7 3.7 -4.0 
2021-8-7 2:0:56.478106112 30.1518 -80.3091 3.9 7.5 21.0 
2021-8-7 2:0:56.479435776 43.9725 -101.7164 0.0 0.0 5.0 
2021-8-7 2:0:56.479457280 43.9739 -101.7177 6.0 2.8 14.0 
2021-8-7 2:0:56.528468480 43.9576 -101.6917 24.4 1.9 -4.0 
2021-8-7 2:0:56.529872384 42.8777 -101.1728 4.2 4.8 7.0 
2021-8-7 2:0:56.704097024 43.1479 -101.2187 25.2 22.9 4.0 
2021-8-7 2:0:56.723709440 44.1694 -101.8328 24.8 11.1 -3.0 
2021-8-7 2:0:56.754539008 42.8775 -101.1732 9.7 18.9 13.0 
2021-8-7 2:0:56.800499712 42.8713 -101.1602 1.9 23.9 9.0 
2021-8-7 2:0:56.918015488 42.8603 -101.1154 7.8 49.5 4.0 
2021-8-7 2:0:56.940295936 43.1811 -101.4837 20.1 12.7 7.0 
2021-8-7 2:0:56.949662720 26.9997 -108.0428 4.0 24.2 -20.0 
2021-8-7 2:0:56.963008512 30.1366 -80.2991 1.1 3.0 3.0 
2021-8-7 2:0:57.220841216 43.2088 -101.5915 5.5 3.6 3.0 
2021-8-7 2:0:57.226629632 43.2171 -101.5064 17.4 5.7 5.0 
2021-8-7 2:0:57.228067072 43.2425 -101.4984 2.3 3.1 3.0 
2021-8-7 2:0:57.645777920 44.3087 -101.8351 1.7 11.8 -5.0 
2021-8-7 2:0:57.850881024 44.3124 -101.8316 1.6 13.2 -8.0 
2021-8-7 2:0:57.903978496 44.1377 -101.8474 2.6 8.7 -3.0 
2021-8-7 2:0:58.147285248 41.7071 -84.7336 1.9 3.2 4.0 
2021-8-7 2:0:58.148281600 41.7113 -84.7382 20.6 7.3 7.0 
2021-8-7 2:0:58.151459328 41.7112 -84.7331 0.0 0.0 4.0 
2021-8-7 2:0:58.151504896 41.7067 -84.7419 2.3 3.4 6.0 
2021-8-7 2:0:58.166163712 41.7109 -84.7322 14.8 5.5 8.0 
2021-8-7 2:0:58.316732160 42.7329 -88.508 2.8 16.3 11.0 
2021-8-7 2:0:58.348380416 43.9277 -101.6395 1.9 8.7 -5.0 
2021-8-7 2:0:58.466938112 41.7402 -84.7405 3.7 2.1 -7.0 
2021-8-7 2:0:58.503442432 26.4455 -108.4134 11.1 14.6 21.0 
2021-8-7 2:0:58.532087552 42.9332 -89.1585 5.4 3.2 6.0 
2021-8-7 2:0:58.574406912 41.837 -84.6858 11.9 7.7 9.0 
2021-8-7 2:0:58.577483520 42.9084 -89.177 1.9 5.2 4.0 
2021-8-7 2:0:58.592522752 41.8598 -84.7741 14.4 15.8 12.0 
2021-8-7 2:0:58.618530304 43.9423 -101.7952 14.0 3.1 -4.0 
2021-8-7 2:0:58.621408000 39.8928 -101.7818 1.9 20.5 -6.0 
2021-8-7 2:0:58.775881728 41.2527 -100.8477 2.8 8.4 -5.0 
2021-8-7 2:0:58.848697088 28.1343 -81.9829 20.4 15.6 13.0 
2021-8-7 2:0:58.887349504 28.1354 -81.9714 12.3 7.2 6.0 
2021-8-7 2:0:58.894034944 28.141 -81.971 12.9 3.6 3.0 
2021-8-7 2:0:58.909068288 43.9334 -101.7887 4.5 14.8 -4.0 
2021-8-7 2:0:58.909120768 28.0697 -81.8505 2.1 4.7 -7.0 
2021-8-7 2:0:58.980166144 44.2532 -101.8682 5.7 13.3 -6.0 
2021-8-7 2:0:58.991011584 39.6716 -102.1395 5.5 2.5 6.0 
2021-8-7 2:0:59.138643968 34.2682 -109.3904 1.4 5.2 5.0 
2021-8-7 2:0:59.141276416 34.2623 -109.3904 4.8 3.0 5.0 
2021-8-7 2:0:59.271018496 45.1935 -110.3462 7.3 15.2 9.0 
2021-8-7 2:0:59.324680704 28.1518 -82.0084 10.3 4.2 7.0 
2021-8-7 2:0:59.402272768 28.1647 -81.9519 9.3 5.3 3.0 
2021-8-7 2:0:59.45416192 28.1608 -82.0347 1.8 7.5 3.0 
2021-8-7 2:0:59.478207488 40.7959 -101.9158 1.9 5.1 -3.0 
2021-8-7 2:0:59.657979136 43.9133 -101.6818 5.8 3.0 -6.0 
2021-8-7 2:0:59.764555520 41.3196 -100.8926 6.2 11.6 -3.0 
2021-8-7 2:0:59.79908864 28.1316 -81.9986 1.2 6.3 3.0 
2021-8-7 2:0:59.831421184 32.9198 -108.3708 6.1 25.1 -16.0 
2021-8-7 2:0:59.840254720 43.3795 -101.5464 8.7 7.5 3.0 
2021-8-7 2:0:59.855135232 43.4453 -101.4418 3.5 5.0 3.0 
2021-8-7 2:0:59.876975872 43.3615 -101.5746 9.3 1.9 -4.0 
2021-8-7 2:0:59.882024192 43.3855 -101.5351 2.8 12.7 11.0 
2021-8-7 2:0:59.885941760 43.3461 -101.6047 4.0 7.0 3.0 
2021-8-7 2:0:59.888944384 43.4712 -101.355 5.2 2.6 3.0 
2021-8-7 2:0:59.889223680 43.4619 -101.357 4.5 3.4 3.0 
2021-8-7 2:0:59.90444800 44.2628 -101.8787 1.6 16.4 -6.0 
2021-8-7 2:0:59.926604800 32.8991 -108.3058 8.6 12.1 -9.0 
2021-8-7 2:0:59.927171584 32.875 -108.3383 4.9 9.8 -10.0 
2021-8-7 2:0:6.119824128 43.7286 -101.5677 3.5 3.0 -3.0 
2021-8-7 2:0:6.208135168 44.2446 -101.8299 15.9 17.1 -7.0 
2021-8-7 2:0:6.211752192 44.2427 -101.839 5.1 15.7 -10.0 
2021-8-7 2:0:6.212662784 44.281 -101.8162 16.9 11.3 -6.0 
2021-8-7 2:0:6.291385600 46.7838 -111.2902 14.8 8.0 7.0 
2021-8-7 2:0:6.385601536 28.1196 -82.0148 6.4 6.8 35.0 
2021-8-7 2:0:6.396437248 40.4987 -105.5886 3.6 16.3 4.0 
2021-8-7 2:0:6.44850176 44.0766 -101.7682 2.4 3.6 -4.0 
2021-8-7 2:0:6.456011264 43.3431 -101.636 1.7 3.1 -4.0 
2021-8-7 2:0:6.613795840 43.2206 -101.3901 5.0 13.1 5.0 
2021-8-7 2:0:6.631656960 43.1937 -101.4309 1.5 2.9 3.0 
2021-8-7 2:0:6.659484928 42.7666 -88.7052 5.5 12.8 9.0 
2021-8-7 2:0:6.660270592 42.77 -88.7043 17.0 24.5 11.0 
2021-8-7 2:0:6.661788160 42.8006 -88.5083 3.6 4.6 6.0 
2021-8-7 2:0:6.662178304 42.766 -88.7094 0.0 0.0 3.0 
2021-8-7 2:0:6.744844544 43.3419 -101.382 3.1 3.0 7.0 
2021-8-7 2:0:6.782068992 43.2993 -101.4089 2.8 4.5 -6.0 
2021-8-7 2:0:6.97232384 42.9352 -89.2722 24.1 4.1 -7.0 
2021-8-7 2:0:7.108711680 25.9578 -79.1722 9.2 3.2 12.0 
2021-8-7 2:0:7.135788544 39.7047 -101.7993 6.2 6.6 4.0 
2021-8-7 2:0:7.143314944 43.9359 -101.6591 6.5 1.9 -3.0 
2021-8-7 2:0:7.332102912 39.8587 -101.8003 2.4 26.3 4.0 
2021-8-7 2:0:7.333046016 39.8793 -101.7947 2.3 4.5 -4.0 
2021-8-7 2:0:7.430491904 42.9552 -89.2007 5.0 3.2 -6.0 
2021-8-7 2:0:7.446356992 43.9875 -101.6895 6.2 8.3 -4.0 
2021-8-7 2:0:7.953295360 28.1292 -81.9736 0.0 0.0 -2.0 
2021-8-7 2:0:7.953455104 28.1275 -81.9779 0.0 0.0 -3.0 
2021-8-7 2:0:7.953507072 28.1273 -81.9779 0.0 0.0 -3.0 
2021-8-7 2:0:7.953622016 28.1277 -81.9783 0.0 0.0 -3.0 
2021-8-7 2:0:7.953663744 28.1295 -81.9746 17.6 2.7 -8.0 
2021-8-7 2:0:7.953861120 28.127 -81.9766 0.0 0.0 -4.0 
2021-8-7 2:0:7.959330816 28.041 -81.9114 1.4 2.0 -3.0 
2021-8-7 2:0:7.961557248 28.1732 -82.071 0.0 0.0 -3.0 
2021-8-7 2:0:7.961737472 28.135 -81.9876 10.9 36.0 -133.0 
2021-8-7 2:0:7.972499456 28.1619 -81.9539 0.0 0.0 2.0 
2021-8-7 2:0:7.972612864 28.1623 -81.9561 1.6 2.8 4.0 
2021-8-7 2:0:7.976026112 28.1603 -81.9567 5.3 6.0 9.0 
2021-8-7 2:0:7.977474816 32.6192 -112.0284 9.6 22.7 38.0 
2021-8-7 2:0:7.978465792 28.1603 -81.9547 4.2 6.0 3.0 
2021-8-7 2:0:7.983327744 28.1284 -81.9747 6.8 10.2 -5.0 
2021-8-7 2:0:7.983467776 28.1374 -81.973 0.0 0.0 -1.0 
2021-8-7 2:0:7.983488512 28.1384 -81.9743 0.0 0.0 -3.0 
2021-8-7 2:0:7.999687168 28.1413 -81.9757 9.2 15.4 -3.0 
2021-8-7 2:0:8.114578176 43.9343 -101.7736 16.6 8.1 -8.0 
2021-8-7 2:0:8.170883328 43.4468 -101.1069 8.2 7.4 3.0 
2021-8-7 2:0:8.176208640 44.2947 -101.7667 2.3 2.4 4.0 
2021-8-7 2:0:8.184839168 28.1245 -81.9883 3.0 10.4 -2.0 
2021-8-7 2:0:8.225435904 28.173 -81.9326 10.7 3.8 4.0 
2021-8-7 2:0:8.324473344 28.1636 -81.9494 2.6 23.1 6.0 
2021-8-7 2:0:8.33790976 28.1259 -81.9838 3.5 15.7 -24.0 
2021-8-7 2:0:8.362720512 28.1261 -81.9841 5.5 37.2 -16.0 
2021-8-7 2:0:8.371769600 28.2771 -81.9719 2.9 4.3 7.0 
2021-8-7 2:0:8.372739072 28.1828 -81.9792 10.1 6.5 -5.0 
2021-8-7 2:0:8.38183168 44.2872 -101.7822 1.7 4.1 -4.0 
2021-8-7 2:0:8.3918336 28.1002 -81.9728 0.0 0.0 -21.0 
2021-8-7 2:0:8.4240384 28.1266 -81.9729 22.9 47.6 -22.0 
2021-8-7 2:0:8.490950656 42.8925 -101.0673 24.6 8.6 13.0 
2021-8-7 2:0:8.580129792 42.6682 -101.0255 1.4 22.2 7.0 
2021-8-7 2:0:8.59193344 28.1287 -81.9775 14.3 46.5 -18.0 
2021-8-7 2:0:8.626908416 28.1777 -81.9434 2.0 3.6 2.0 
2021-8-7 2:0:8.64774400 42.6677 -101.0249 6.0 6.4 10.0 
2021-8-7 2:0:8.686306048 42.8922 -101.0691 4.7 11.2 8.0 
2021-8-7 2:0:8.71108096 44.1353 -101.9114 18.8 5.3 -8.0 
2021-8-7 2:0:8.801536 28.1659 -81.9685 1.6 5.3 3.0 
2021-8-7 2:0:8.899782656 44.1804 -101.9225 7.9 15.1 -7.0 
2021-8-7 2:0:8.920454144 27.2116 -107.8381 7.6 36.2 -83.0 
2021-8-7 2:0:8.939369472 27.2102 -107.8373 5.7 33.8 -30.0 
2021-8-7 2:0:8.960223744 27.2174 -107.8349 5.0 29.6 -26.0 
2021-8-7 2:0:8.979250176 27.2026 -107.8399 5.7 21.4 -24.0 
2021-8-7 2:0:9.149193472 41.2312 -100.8871 3.1 7.5 -4.0 
2021-8-7 2:0:9.15839744 39.8939 -101.7987 4.0 2.6 -5.0 
2021-8-7 2:0:9.213777664 44.0202 -101.6316 3.2 3.5 -3.0 
2021-8-7 2:0:9.219526400 43.4135 -101.5588 1.1 14.8 3.0 
2021-8-7 2:0:9.25822976 27.2197 -107.8342 5.5 33.3 -39.0 
2021-8-7 2:0:9.305331712 44.0084 -101.7468 1.2 2.5 3.0 
2021-8-7 2:0:9.333040896 43.3572 -101.4623 6.4 3.1 4.0 
2021-8-7 2:0:9.335683072 43.301 -101.2669 7.8 3.6 4.0 
2021-8-7 2:0:9.352107008 43.4366 -101.4209 16.4 15.2 2.0 
2021-8-7 2:0:9.35823616 42.9392 -89.186 3.6 12.5 4.0 
2021-8-7 2:0:9.3799040 42.7364 -88.5157 10.7 4.0 9.0 
2021-8-7 2:0:9.457548032 32.4414 -112.1696 1.4 5.8 4.0 
2021-8-7 2:0:9.5775616 27.223 -107.8333 5.3 34.5 -42.0 
2021-8-7 2:0:9.688140288 32.4567 -112.1927 6.8 4.1 6.0 
2021-8-7 2:0:9.792032256 27.2178 -107.8356 10.4 31.9 -85.0 
2021-8-7 2:0:9.830263296 25.975 -79.1725 0.0 0.0 3.0 
2021-8-7 2:0:9.830682112 25.9748 -79.1753 3.4 6.8 9.0 
2021-8-7 2:0:9.831085568 25.9742 -79.171 3.6 5.8 12.0 
2021-8-7 2:0:9.831219968 25.9741 -79.1707 0.0 0.0 4.0 
2021-8-7 2:0:9.832965632 25.9758 -79.1724 1.4 4.3 5.0 
2021-8-7 2:0:9.873870848 25.9742 -79.1681 11.1 9.7 12.0 
2021-8-7 2:0:9.902970880 41.2912 -100.8729 4.8 2.8 -3.0 
2021-8-7 2:0:9.932714496 25.9654 -79.1792 5.4 3.5 5.0 
2021-8-7 2:0:9.944929536 26.0376 -79.1569 9.5 5.2 4.0 
